-1.200e-04,0.00229063
-1.192e-04,0.00244063
-1.184e-04,0.00241875
-1.176e-04,0.00258125
-1.168e-04,0.00268438
-1.160e-04,0.00274687
-1.152e-04,0.00284063
-1.144e-04,0.00295313
-1.136e-04,0.0029625
-1.128e-04,0.0031375
-1.120e-04,0.00319688
-1.112e-04,0.00320625
-1.104e-04,0.00329375
-1.096e-04,0.003375
-1.088e-04,0.003475
-1.080e-04,0.00353125
-1.072e-04,0.0035875
-1.064e-04,0.00361563
-1.056e-04,0.0036875
-1.048e-04,0.0037625
-1.040e-04,0.003825
-1.032e-04,0.0038125
-1.024e-04,0.00400313
-1.016e-04,0.00405
-1.008e-04,0.004075
-1.00e-04,0.00415937
-9.92e-05,0.00419375
-9.84e-05,0.00435
-9.76e-05,0.0044
-9.68e-05,0.00435
-9.60e-05,0.00442188
-9.52e-05,0.00445313
-9.44e-05,0.00437812
-9.36e-05,0.00455312
-9.28e-05,0.00458438
-9.20e-05,0.00452813
-9.12e-05,0.00455938
-9.04e-05,0.0047125
-8.96e-05,0.00469688
-8.88e-05,0.00472188
-8.80e-05,0.00470313
-8.72e-05,0.00484063
-8.64e-05,0.00471563
-8.56e-05,0.00479688
-8.48e-05,0.00478125
-8.40e-05,0.00480312
-8.32e-05,0.00479688
-8.24e-05,0.00482188
-8.16e-05,0.00483438
-8.08e-05,0.00489063
-8.00e-05,0.00483125
-7.92e-05,0.00479688
-7.84e-05,0.00487188
-7.76e-05,0.00479688
-7.68e-05,0.00486875
-7.60e-05,0.00480312
-7.52e-05,0.00477188
-7.44e-05,0.0048375
-7.36e-05,0.00482188
-7.28e-05,0.00475
-7.20e-05,0.00472813
-7.12e-05,0.00480312
-7.04e-05,0.00475
-6.96e-05,0.00473125
-6.88e-05,0.00465
-6.80e-05,0.004775
-6.72e-05,0.00460313
-6.64e-05,0.00463125
-6.56e-05,0.00455312
-6.48e-05,0.004575
-6.40e-05,0.00462188
-6.32e-05,0.00447813
-6.24e-05,0.00454688
-6.16e-05,0.00439688
-6.08e-05,0.00440625
-6.00e-05,0.00424688
-5.92e-05,0.0043
-5.84e-05,0.00421563
-5.76e-05,0.0041125
-5.68e-05,0.00423438
-5.60e-05,0.00415313
-5.52e-05,0.00405
-5.44e-05,0.00400937
-5.36e-05,0.00397188
-5.28e-05,0.00388438
-5.20e-05,0.0037875
-5.12e-05,0.00378125
-5.04e-05,0.003775
-4.96e-05,0.003775
-4.88e-05,0.00352812
-4.80e-05,0.00356875
-4.72e-05,0.00353438
-4.64e-05,0.00348125
-4.56e-05,0.00345313
-4.48e-05,0.00328125
-4.40e-05,0.00325625
-4.32e-05,0.00323438
-4.24e-05,0.00310938
-4.16e-05,0.00315
-4.08e-05,0.0031
-4.00e-05,0.00291875
-3.92e-05,0.0028875
-3.84e-05,0.00273438
-3.76e-05,0.00278437
-3.68e-05,0.00269063
-3.60e-05,0.0026875
-3.52e-05,0.00257188
-3.44e-05,0.00252813
-3.36e-05,0.00237188
-3.28e-05,0.00236563
-3.20e-05,0.00229063
-3.12e-05,0.00223125
-3.04e-05,0.0020875
-2.96e-05,0.00208438
-2.88e-05,0.001875
-2.80e-05,0.00190625
-2.72e-05,0.00180625
-2.64e-05,0.00169688
-2.56e-05,0.00165938
-2.48e-05,0.00153125
-2.40e-05,0.001525
-2.32e-05,0.00150313
-2.24e-05,0.00140313
-2.16e-05,0.00133438
-2.08e-05,0.00119063
-2.00e-05,0.00120938
-1.92e-05,0.001075
-1.84e-05,0.00100625
-1.76e-05,0.000928125
-1.68e-05,0.00084375
-1.60e-05,0.000878125
-1.52e-05,0.000759375
-1.44e-05,0.000596875
-1.36e-05,0.0005875
-1.28e-05,0.000553125
-1.20e-05,0.0005125
-1.12e-05,0.000359375
-1.04e-05,0.000275
-9.6e-06,0.0001875
-8.8e-06,0.000178125
-8.0e-06,5.9375e-05
-7.2e-06,6.875e-05
-6.4e-06,6.5625e-05
-5.6e-06,-0.000109375
-4.8e-06,-0.00015625
-4.0e-06,-0.000115625
-3.2e-06,-0.000303125
-2.4e-06,-0.000303125
-1.6e-06,-0.000403125
-8e-07,-0.000428125
0.0e+00,-0.0005375
8e-07,-0.00051875
1.6e-06,-0.0006
2.4e-06,-0.0006125
3.2e-06,-0.00073125
4.0e-06,-0.000715625
4.8e-06,-0.000875
5.6e-06,-0.000909375
6.4e-06,-0.001075
7.2e-06,-0.00103125
8.0e-06,-0.00107813
8.8e-06,-0.0012375
9.6e-06,-0.00121875
1.04e-05,-0.0012625
1.12e-05,-0.001275
1.20e-05,-0.0014375
1.28e-05,-0.0013375
1.36e-05,-0.0015
1.44e-05,-0.00151875
1.52e-05,-0.0015375
1.60e-05,-0.00156875
1.68e-05,-0.00165313
1.76e-05,-0.00165
1.84e-05,-0.00172813
1.92e-05,-0.00177188
2.00e-05,-0.00178125
2.08e-05,-0.00185938
2.16e-05,-0.00190625
2.24e-05,-0.00189688
2.32e-05,-0.00190937
2.40e-05,-0.0020375
2.48e-05,-0.00205313
2.56e-05,-0.00200625
2.64e-05,-0.00208438
2.72e-05,-0.002075
2.80e-05,-0.002025
2.88e-05,-0.00213437
2.96e-05,-0.00217188
3.04e-05,-0.0021125
3.12e-05,-0.00213125
3.20e-05,-0.00217813
3.28e-05,-0.00219063
3.36e-05,-0.00215937
3.44e-05,-0.0023125
3.52e-05,-0.00226875
3.60e-05,-0.00230938
3.68e-05,-0.00229688
3.76e-05,-0.00232188
3.84e-05,-0.00235313
3.92e-05,-0.002325
4.00e-05,-0.00235625
4.08e-05,-0.00231875
4.16e-05,-0.00241563
4.24e-05,-0.00240313
4.32e-05,-0.0025125
4.40e-05,-0.00239688
4.48e-05,-0.00235625
4.56e-05,-0.00242813
4.64e-05,-0.00244688
4.72e-05,-0.00241875
4.80e-05,-0.00254062
4.88e-05,-0.00249375
4.96e-05,-0.00245
5.04e-05,-0.00254375
5.12e-05,-0.00250938
5.20e-05,-0.00255
5.28e-05,-0.00255313
5.36e-05,-0.00250312
5.44e-05,-0.00254062
5.52e-05,-0.00250625
5.60e-05,-0.00250625
5.68e-05,-0.0025625
5.76e-05,-0.0025
5.84e-05,-0.00249375
5.92e-05,-0.00243125
6.00e-05,-0.00255937
6.08e-05,-0.00253438
6.16e-05,-0.00253125
6.24e-05,-0.00243437
6.32e-05,-0.002425
6.40e-05,-0.002575
6.48e-05,-0.0026
6.56e-05,-0.00250312
6.64e-05,-0.00262812
6.72e-05,-0.00249687
6.80e-05,-0.00245938
6.88e-05,-0.002525
6.96e-05,-0.00255625
7.04e-05,-0.00252188
7.12e-05,-0.00254375
7.20e-05,-0.00253438
7.28e-05,-0.00241875
7.36e-05,-0.0024375
7.44e-05,-0.00243437
7.52e-05,-0.00244688
7.60e-05,-0.00254375
7.68e-05,-0.00237813
7.76e-05,-0.00249375
7.84e-05,-0.00247187
7.92e-05,-0.00253438
8.00e-05,-0.00247187
8.08e-05,-0.00243125
8.16e-05,-0.00244375
8.24e-05,-0.00241875
8.32e-05,-0.00242813
8.40e-05,-0.00239063
8.48e-05,-0.00240313
8.56e-05,-0.00238438
8.64e-05,-0.00233125
8.72e-05,-0.00230625
8.80e-05,-0.00231562
8.88e-05,-0.00225
8.96e-05,-0.00228437
9.04e-05,-0.00230625
9.12e-05,-0.0022625
9.20e-05,-0.00225938
9.28e-05,-0.00231562
9.36e-05,-0.0023125
9.44e-05,-0.00225938
9.52e-05,-0.0022625
9.60e-05,-0.00225
9.68e-05,-0.00224375
9.76e-05,-0.0022375
9.84e-05,-0.00230625
9.92e-05,-0.0022375
1.000e-04,-0.002275
1.008e-04,-0.00225938
1.016e-04,-0.00221563
1.024e-04,-0.00220937
1.032e-04,-0.00220625
1.040e-04,-0.0021625
1.048e-04,-0.00212813
1.056e-04,-0.0022
1.064e-04,-0.0021375
1.072e-04,-0.0022125
1.080e-04,-0.00208125
1.088e-04,-0.00204062
1.096e-04,-0.00209688
1.104e-04,-0.00197188
1.112e-04,-0.00205625
1.120e-04,-0.002075
1.128e-04,-0.00201563
1.136e-04,-0.00195313
1.144e-04,-0.0020375
1.152e-04,-0.00197813
1.160e-04,-0.0019875
1.168e-04,-0.00189688
1.176e-04,-0.00205313
1.184e-04,-0.00195
1.192e-04,-0.00193437
1.200e-04,-0.00198125
1.208e-04,-0.00195
1.216e-04,-0.00189375
1.224e-04,-0.00184688
1.232e-04,-0.00181875
1.240e-04,-0.00195
1.248e-04,-0.0018875
1.256e-04,-0.00188125
1.264e-04,-0.00183437
1.272e-04,-0.00189688
1.280e-04,-0.00179688
1.288e-04,-0.00180937
1.296e-04,-0.00180312
1.304e-04,-0.00181875
1.312e-04,-0.0018125
1.320e-04,-0.00180625
1.328e-04,-0.00186875
1.336e-04,-0.00177188
1.344e-04,-0.001925
1.352e-04,-0.00174062
1.360e-04,-0.00175938
1.368e-04,-0.00176563
1.376e-04,-0.00173438
1.384e-04,-0.00180312
1.392e-04,-0.00181875
1.400e-04,-0.00175
1.408e-04,-0.0017625
1.416e-04,-0.00165
1.424e-04,-0.00166562
1.432e-04,-0.00165625
1.440e-04,-0.00162813
1.448e-04,-0.00160625
1.456e-04,-0.00155938
1.464e-04,-0.00170625
1.472e-04,-0.00159688
1.480e-04,-0.00171563
1.488e-04,-0.00170313
1.496e-04,-0.00170938
1.504e-04,-0.00164063
1.512e-04,-0.00153125
1.520e-04,-0.00160625
1.528e-04,-0.00159063
1.536e-04,-0.00158438
1.544e-04,-0.00158438
1.552e-04,-0.00157188
1.560e-04,-0.00155938
1.568e-04,-0.00154688
1.576e-04,-0.00153125
1.584e-04,-0.00155625
1.592e-04,-0.00144687
1.600e-04,-0.0015625
1.608e-04,-0.00144063
1.616e-04,-0.00145938
1.624e-04,-0.00147813
1.632e-04,-0.001525
1.640e-04,-0.00138125
1.648e-04,-0.00143438
1.656e-04,-0.00146563
1.664e-04,-0.00150313
1.672e-04,-0.00144063
1.680e-04,-0.00140313
1.688e-04,-0.00138437
1.696e-04,-0.0013125
1.704e-04,-0.0013625
1.712e-04,-0.00140625
1.720e-04,-0.00131563
1.728e-04,-0.00136875
1.736e-04,-0.00135625
1.744e-04,-0.00132813
1.752e-04,-0.00135
1.760e-04,-0.0013375
1.768e-04,-0.00139688
1.776e-04,-0.00141563
1.784e-04,-0.00130937
1.792e-04,-0.00131563
1.800e-04,-0.0013125
1.808e-04,-0.001275
1.816e-04,-0.00127188
1.824e-04,-0.00136563
1.832e-04,-0.00126875
1.840e-04,-0.00131875
1.848e-04,-0.00125938
1.856e-04,-0.001175
1.864e-04,-0.00121875
1.872e-04,-0.00126563
1.880e-04,-0.00122188
1.888e-04,-0.0012125
1.896e-04,-0.0011375
1.904e-04,-0.00125
1.912e-04,-0.00120625
1.920e-04,-0.00123125
1.928e-04,-0.00118125
1.936e-04,-0.00112187
1.944e-04,-0.00123125
1.952e-04,-0.00112813
1.960e-04,-0.00111875
1.968e-04,-0.0011625
1.976e-04,-0.00110938
1.984e-04,-0.00115
1.992e-04,-0.00114688
2.000e-04,-0.00107188
2.008e-04,-0.00109375
2.016e-04,-0.00114063
2.024e-04,-0.00105937
2.032e-04,-0.00108125
2.040e-04,-0.00104375
2.048e-04,-0.000984375
2.056e-04,-0.00109375
2.064e-04,-0.00110313
2.072e-04,-0.001075
2.080e-04,-0.00111875
2.088e-04,-0.00104688
2.096e-04,-0.00110625
2.104e-04,-0.00106562
2.112e-04,-0.00108125
2.120e-04,-0.0010625
2.128e-04,-0.00104688
2.136e-04,-0.00104688
2.144e-04,-0.00103125
2.152e-04,-0.00096875
2.160e-04,-0.00107813
2.168e-04,-0.00100937
2.176e-04,-0.001025
2.184e-04,-0.000984375
2.192e-04,-0.000965625
2.200e-04,-0.000990625
2.208e-04,-0.000971875
2.216e-04,-0.000975
2.224e-04,-0.00104688
2.232e-04,-0.00104688
2.240e-04,-0.00098125
2.248e-04,-0.0010125
2.256e-04,-0.00104062
2.264e-04,-0.000940625
2.272e-04,-0.0009625
2.280e-04,-0.000921875
2.288e-04,-0.000978125
2.296e-04,-0.0009125
2.304e-04,-0.00101563
2.312e-04,-0.0009875
2.320e-04,-0.000896875
2.328e-04,-0.0009625
2.336e-04,-0.000975
2.344e-04,-0.000971875
2.352e-04,-0.000925
2.360e-04,-0.000903125
2.368e-04,-0.000946875
2.376e-04,-0.00105313
2.384e-04,-0.000853125
2.392e-04,-0.000878125
2.400e-04,-0.00090625
2.408e-04,-0.0009125
2.416e-04,-0.0009
2.424e-04,-0.000871875
2.432e-04,-0.000915625
2.440e-04,-0.00084375
2.448e-04,-0.00085
2.456e-04,-0.0008625
2.464e-04,-0.00085625
2.472e-04,-0.00080625
2.480e-04,-0.0008125
2.488e-04,-0.000815625
2.496e-04,-0.000865625
2.504e-04,-0.0007875
2.512e-04,-0.000834375
2.520e-04,-0.000846875
2.528e-04,-0.000903125
2.536e-04,-0.00085
2.544e-04,-0.00079375
2.552e-04,-0.00084375
2.560e-04,-0.00086875
2.568e-04,-0.000925
2.576e-04,-0.0006625
2.584e-04,-0.0007625
2.592e-04,-0.000853125
2.600e-04,-0.0007875
2.608e-04,-0.00079375
2.616e-04,-0.000753125
2.624e-04,-0.00085
2.632e-04,-0.0008125
2.640e-04,-0.00076875
2.648e-04,-0.00073125
2.656e-04,-0.000815625
2.664e-04,-0.000740625
2.672e-04,-0.00063125
2.680e-04,-0.0008875
2.688e-04,-0.000696875
2.696e-04,-0.000828125
2.704e-04,-0.00065625
2.712e-04,-0.000709375
2.720e-04,-0.000625
2.728e-04,-0.0007
2.736e-04,-0.0006875
2.744e-04,-0.00070625
2.752e-04,-0.000784375
2.760e-04,-0.00065
2.768e-04,-0.000725
2.776e-04,-0.000684375
2.784e-04,-0.00075625
2.792e-04,-0.000640625

