10.0,81.9,1.0,2.9,60.16308,56.11056,0.33753,4011239295.083753,0.0,0.0,0.8022220465078551,0.0,0.0,60.03207,60.294090000000004,55.99273,56.22839
10.0,81.9,1.0,2.9,60.20693,56.13073,0.32384,4011239397.063833,0.0,0.0,0.803479447470733,0.0,0.0,60.07582,60.33804,56.01281,56.24865
10.0,81.9,1.0,2.9,60.20119,56.09214,0.30231,4011239499.049667,0.0,0.0,0.7994795432368623,0.0,0.0,60.070409999999995,60.33197,55.97451,56.20977
10.0,81.9,1.0,2.9,60.25319,56.1082,0.28628,4011239601.269493,0.0,0.0,0.8047473343925112,0.0,0.0,60.12197999999999,60.3844,55.990179999999995,56.22622
10.0,81.9,1.0,2.9,60.15057,56.0911,0.34741,4011239703.102178,0.0,0.0,0.7943471526432591,0.0,0.0,60.02021,60.280930000000005,55.97385,56.208349999999996
10.0,81.9,1.0,2.9,60.22913,56.12054,0.30432,4011239805.0956087,0.0,0.0,0.791834349135468,0.0,0.0,60.09897,60.359289999999994,56.00347,56.23761
10.0,81.9,1.0,2.9,60.17689,56.119,0.33402,4011240073.039785,0.0,0.0,0.7837178397239717,0.0,0.0,60.0474,60.30638,56.00254,56.235459999999996
10.0,81.9,1.0,2.9,60.17659,56.06956,0.3137,4011240175.220001,0.0,0.0,0.8189122716857399,0.0,0.0,60.04423,60.308949999999996,55.95051,56.188610000000004
10.0,81.9,1.0,2.9,60.21696,56.12206,0.29644,4011240276.984952,0.0,0.0,0.7954951626618669,0.0,0.0,60.0865,60.34742,56.00472,56.239399999999996
10.0,81.9,1.0,2.9,60.21162,56.13498,0.32798,4011240379.225403,0.0,0.0,0.8021439214515006,0.0,0.0,60.08062,60.342620000000004,56.01716,56.2528
10.0,81.9,1.0,2.9,60.16022,56.08811,0.33036,4011240481.137484,0.0,0.0,0.8000616868902471,0.0,0.0,60.02939,60.291050000000006,55.97044,56.20578
10.0,81.9,1.0,2.9,60.20317,56.11225,0.31862,4011240583.170582,0.0,0.0,0.7904243982870596,0.0,0.0,60.07313,60.33321,55.995290000000004,56.22921
10.0,81.9,1.0,2.9,60.17505,56.0912,0.3355,4011240685.048746,0.0,0.0,0.7811114387916646,0.0,0.0,60.04578,60.30432,55.97493,56.20747
10.0,81.9,1.0,2.9,60.17954,56.09738,0.32128,4011240787.19392,0.0,0.0,0.7927056815998481,0.0,0.0,60.049310000000006,60.30977,55.98025,56.214510000000004
10.0,81.9,1.0,2.9,60.1799,56.09664,0.31282,4011240889.196889,0.0,0.0,0.7893475666772325,0.0,0.0,60.04995,60.309850000000004,55.97976,56.21352
10.0,81.9,1.0,2.9,60.23448,56.13945,0.31853,4011240991.061075,0.0,0.0,0.7894908475644448,0.0,0.0,60.10452,60.364439999999995,56.02256,56.256339999999994
10.0,81.9,1.0,2.9,60.2126,56.09474,0.31054,4011241259.160338,0.0,0.0,0.792140099407849,0.0,0.0,60.08242,60.342780000000005,55.977650000000004,56.21183
10.0,81.9,1.0,2.9,60.16147,56.13221,0.33378,4011241361.1227827,0.0,0.0,0.8067282099710247,0.0,0.0,60.030100000000004,60.29284,56.01405,56.250370000000004
10.0,81.9,1.0,2.9,60.21479,56.08636,0.31907,4011241463.112227,0.0,0.0,0.797729216767949,0.0,0.0,60.08415,60.34543,55.96886,56.20386
10.0,81.9,1.0,2.9,60.19852,56.10242,0.30274,4011241565.216639,0.0,0.0,0.8000508534824221,0.0,0.0,60.06769,60.329350000000005,55.984750000000005,56.22009
10.0,81.9,1.0,2.9,60.19138,56.12808,0.32882,4011241667.128605,0.0,0.0,0.7977855395524176,0.0,0.0,60.06074,60.32202,56.01058,56.24558
10.0,81.9,1.0,2.9,60.17815,56.116,0.32266,4011241769.081983,0.0,0.0,0.7885231154194219,0.0,0.0,60.04827,60.30803,55.99918,56.23282
10.0,81.9,1.0,2.9,60.18987,56.10406,0.31398,4011241870.965211,0.0,0.0,0.8060601466553506,0.0,0.0,60.05855,60.32119,55.985949999999995,56.22217
10.0,81.9,1.0,2.9,60.24049,56.14919,0.30331,4011241973.0846043,0.0,0.0,0.7934889328468112,0.0,0.0,60.1102,60.37078,56.032,56.26638
10.0,81.9,1.0,2.9,60.21391,56.08053,0.29967,4011242075.236174,0.0,0.0,0.8081886492719484,0.0,0.0,60.08242,60.3454,55.96226,56.198800000000006
10.0,81.9,1.0,2.9,60.1999,56.14285,0.32389,4011242177.114574,0.0,0.0,0.789882362015876,0.0,0.0,60.06991,60.32989,56.02593,56.25977
10.0,81.9,1.0,2.9,60.16011,56.08482,0.34036,4011242445.196928,0.0,0.0,0.7842154891772589,0.0,0.0,60.03058,60.289640000000006,55.96832,56.20132
10.0,81.9,1.0,2.9,60.16506,56.09849,0.34476,4011242547.114051,0.0,0.0,0.7884280700229203,0.0,0.0,60.03518,60.29494,55.98168,56.2153
10.0,81.9,1.0,2.9,60.15103,56.08235,0.33745,4011242649.195809,0.0,0.0,0.7931803114380687,0.0,0.0,60.020759999999996,60.2813,55.96519,56.19951
10.0,81.9,1.0,2.9,60.20697,56.14321,0.32538,4011242751.089017,0.0,0.0,0.788249929403364,0.0,0.0,60.07711,60.33683,56.026410000000006,56.26001
10.0,81.9,1.0,2.9,60.20343,56.08562,0.31633,4011242853.2042828,0.0,0.0,0.8152530264654253,0.0,0.0,60.07136,60.335499999999996,55.96684,56.2044
10.0,81.9,1.0,2.9,60.18005,56.11048,0.32122,4011242955.142934,0.0,0.0,0.7989804711267394,0.0,0.0,60.04931,60.310790000000004,55.99289,56.22807
10.0,81.9,1.0,2.9,60.16925,56.12145,0.34508,4011243057.14753,0.0,0.0,0.8262702430670643,0.0,0.0,60.03629,60.302209999999995,56.001870000000004,56.24103
10.0,81.9,1.0,2.9,60.202,56.13939,0.32795,4011243159.244896,0.0,0.0,0.7945131057677125,0.0,0.0,60.071619999999996,60.33238,56.02213,56.25665
10.0,81.9,1.0,2.9,60.17301,56.12559,0.34323,4011243261.138241,0.0,0.0,0.8259998858434147,0.0,0.0,60.040079999999996,60.30594,56.00603,56.24515
10.0,81.9,1.0,2.9,60.2016,56.15364,0.33199,4011243363.133067,0.0,0.0,0.823739628099776,0.0,0.0,60.06885,60.33435,56.034240000000004,56.27304
10.0,81.9,1.0,2.9,60.18782,56.09808,0.3175,4011243631.065696,0.0,0.0,0.7881822057671186,0.0,0.0,60.05796,60.31767,55.98129,56.214870000000005
10.0,81.9,1.0,2.9,60.21341,56.15346,0.32136,4011243733.2651663,0.0,0.0,0.7771608382451577,0.0,0.0,60.08447,60.34235,56.03748,56.26944
10.0,81.9,1.0,2.9,60.21731,56.11715,0.31679,4011243835.2389717,0.0,0.0,0.7864327977810625,0.0,0.0,60.087599999999995,60.34702,56.00048,56.23382
10.0,81.9,1.0,2.9,60.22942,56.1502,0.3235,4011243937.207263,0.0,0.0,0.7937802008326617,0.0,0.0,60.0991,60.359739999999995,56.03299,56.26741
10.0,81.9,1.0,2.9,60.19447,56.10331,0.31786,4011244039.0891457,0.0,0.0,0.7940285251298914,0.0,0.0,60.064130000000006,60.32481,55.98608,56.22054
10.0,81.9,1.0,2.9,60.17974,56.08187,0.32166,4011244141.235195,0.0,0.0,0.7849773142175206,0.0,0.0,60.05015,60.30933,55.96531,56.19843
10.0,81.9,1.0,2.9,60.13798,56.09834,0.34352,4011244243.290008,0.0,0.0,0.7813634701148533,0.0,0.0,60.00869,60.267269999999996,55.98205,56.21463
10.0,81.9,1.0,2.9,60.19967,56.12476,0.3315,4011244345.178899,0.0,0.0,0.7926834318672545,0.0,0.0,60.06944,60.329899999999995,56.00763,56.241890000000005
10.0,81.9,1.0,2.9,60.19142,56.14508,0.33529,4011244447.27356,0.0,0.0,0.8149734258675805,0.0,0.0,60.05938,60.323460000000004,56.02632,56.26384
10.0,81.9,1.0,2.9,60.18821,56.09173,0.30369,4011244549.246233,0.0,0.0,0.785082811604323,0.0,0.0,60.058609999999994,60.31781,55.975159999999995,56.20829
10.0,81.9,1.0,2.9,60.18042,56.13243,0.31823,4011244817.160839,0.0,0.0,0.8126082436087532,0.0,0.0,60.04857,60.31227,56.01384,56.25102
10.0,81.9,1.0,2.9,60.16741,56.12207,0.35902,4011244919.078824,0.0,0.0,0.8062025723891139,0.0,0.0,60.03608,60.298739999999995,56.00395,56.24019
10.0,81.9,1.0,2.9,60.16663,56.09163,0.32698,4011245021.121112,0.0,0.0,0.7860674179159053,0.0,0.0,60.03695,60.29631,55.974990000000005,56.20827
10.0,81.9,1.0,2.9,60.17609,56.08168,0.30897,4011245123.1109333,0.0,0.0,0.7629275261350078,0.0,0.0,60.04833,60.303850000000004,55.96677,56.19659
10.0,81.9,1.0,2.9,60.15579,56.08319,0.31624,4011245225.301272,0.0,0.0,0.7976064382241681,0.0,0.0,60.02516000000001,60.28642,55.965700000000005,56.20068
10.0,81.9,1.0,2.9,60.19068,56.09834,0.329,4011245327.161446,0.0,0.0,0.7992516218251414,0.0,0.0,60.05992,60.32144,55.98073,56.21595
10.0,81.9,1.0,2.9,60.17621,56.11337,0.3338,4011245429.249729,0.0,0.0,0.795697019262771,0.0,0.0,60.045739999999995,60.30668,55.99602,56.230720000000005
10.0,81.9,1.0,2.9,60.14219,56.09951,0.33551,4011245531.237617,0.0,0.0,0.8236069637290724,0.0,0.0,60.00945,60.27493,55.98012,56.218900000000005
10.0,81.9,1.0,2.9,60.20336,56.12168,0.31093,4011245633.080907,0.0,0.0,0.7787453429791302,0.0,0.0,60.07428,60.332440000000005,56.00559,56.23777
10.0,81.9,1.0,2.9,60.17671,56.11948,0.34069,4011245735.272434,0.0,0.0,0.7899828238533744,0.0,0.0,60.04671,60.30671,56.00255,56.23641000000001
10.0,81.9,1.0,2.9,60.17767,56.14573,0.34224,4011246003.192687,0.0,0.0,0.790165417083212,0.0,0.0,60.04765,60.30769,56.02879,56.26267
10.0,81.9,1.0,2.9,60.17886,56.09432,0.32204,4011246105.081232,0.0,0.0,0.7970083558314557,0.0,0.0,60.04828,60.30944,55.976870000000005,56.21177
10.0,81.9,1.0,2.9,60.18811,56.1073,0.32248,4011246207.2132072,0.0,0.0,0.7888739586682293,0.0,0.0,60.0582,60.318020000000004,55.99045,56.22415
10.0,81.9,1.0,2.9,60.21127,56.14484,0.31431,4011246309.181479,0.0,0.0,0.7888579424501099,0.0,0.0,60.08136,60.34118,56.028,56.261680000000005
10.0,81.9,1.0,2.9,60.12241,56.08853,0.35377,4011246411.223263,0.0,0.0,0.7955150732975306,0.0,0.0,59.99195,60.25287,55.97119,56.20587
10.0,81.9,1.0,2.9,60.1854,56.09045,0.31577,4011246512.820753,0.0,0.0,0.804575749776284,0.0,0.0,60.0542,60.3166,55.972449999999995,56.20845
10.0,81.9,1.0,2.9,60.18124,56.08167,0.32085,4011246615.2234507,0.0,0.0,0.7939483237798322,0.0,0.0,60.05091,60.31157,55.96445,56.198890000000006
10.0,81.9,1.0,2.9,60.18947,56.09043,0.31218,4011246717.388517,0.0,0.0,0.8005530147763695,0.0,0.0,60.0586,60.32034,55.972719999999995,56.20814
10.0,81.9,1.0,2.9,60.15909,56.09649,0.34371,4011246819.231855,0.0,0.0,0.807649722262173,0.0,0.0,60.02764,60.29054,55.978260000000006,56.21472
10.0,81.9,1.0,2.9,60.20378,56.09174,0.3105,4011246921.118204,0.0,0.0,0.7945704749267138,0.0,0.0,60.0734,60.334160000000004,55.974470000000004,56.20901
10.0,81.9,1.0,2.9,60.2158,56.13248,0.31698,4011247189.212955,0.0,0.0,0.7973837454453911,0.0,0.0,60.085190000000004,60.34641,56.015010000000004,56.24995
10.0,81.9,1.0,2.9,60.17445,56.08304,0.31988,4011247291.219674,0.0,0.0,0.7961694768599741,0.0,0.0,60.04394,60.30496,55.96565,56.20043
10.0,81.9,1.0,2.9,60.20675,56.09916,0.31348,4011247393.229147,0.0,0.0,0.8074571078101368,0.0,0.0,60.07532,60.33818,55.98095,56.217369999999995
10.0,81.9,1.0,2.9,60.20772,56.10204,0.30451,4011247495.172901,0.0,0.0,0.7978391625798045,0.0,0.0,60.07707,60.338370000000005,55.98453,56.219550000000005
10.0,81.9,1.0,2.9,60.21013,56.12124,0.32506,4011247597.105536,0.0,0.0,0.7923374839955248,0.0,0.0,60.07993,60.34033,56.00414,56.23834
10.0,81.9,1.0,2.9,60.18793,56.09959,0.31482,4011247699.176558,0.0,0.0,0.7961577811294108,0.0,0.0,60.05742,60.31844,55.98221,56.216969999999996
10.0,81.9,1.0,2.9,60.22724,56.07794,0.28418,4011247801.096787,0.0,0.0,0.8149957510461651,0.0,0.0,60.09519,60.35929,55.959179999999996,56.1967
10.0,81.9,1.0,2.9,60.1451,56.09885,0.35464,4011247903.150429,0.0,0.0,0.8060056431679749,0.0,0.0,60.01378,60.27641,55.98074,56.21696
10.0,81.9,1.0,2.9,60.18007,56.15552,0.34641,4011248005.1649,0.0,0.0,0.8140460303118959,0.0,0.0,60.0481,60.31204,56.036820000000006,56.27422
10.0,81.9,1.0,2.9,60.23245,56.13659,0.31843,4011248107.256909,0.0,0.0,0.8014995622664217,0.0,0.0,60.1015,60.3634,56.018809999999995,56.25437
10.0,81.9,1.0,2.9,60.20831,56.10197,0.30579,4011248375.243053,0.0,0.0,0.7946218340805616,0.0,0.0,60.077929999999995,60.33869,55.984700000000004,56.21924
10.0,81.9,1.0,2.9,60.20598,56.11613,0.32673,4011248477.240687,0.0,0.0,0.7861335670641877,0.0,0.0,60.07629,60.33566999999999,55.99949,56.232769999999995
10.0,81.9,1.0,2.9,60.20099,56.13935,0.32203,4011248579.252836,0.0,0.0,0.7902294393024258,0.0,0.0,60.070969999999996,60.33101,56.0224,56.2563
10.0,81.9,1.0,2.9,60.19303,56.11968,0.33441,4011248681.046895,0.0,0.0,0.8069496981890087,0.0,0.0,60.06164,60.32442,56.0015,56.237860000000005
10.0,81.9,1.0,2.9,60.21039,56.08868,0.3045,4011248783.0989943,0.0,0.0,0.7813901470268442,0.0,0.0,60.0811,60.339679999999994,55.97239,56.204969999999996
10.0,81.9,1.0,2.9,60.19634,56.1437,0.32596,4011248885.185792,0.0,0.0,0.7874577468506757,0.0,0.0,60.066539999999996,60.32614,56.02696,56.26044
10.0,81.9,1.0,2.9,60.15417,56.06818,0.31451,4011248987.249421,0.0,0.0,0.8133767250181627,0.0,0.0,60.02226,60.28608,55.949529999999996,56.18683
10.0,81.9,1.0,2.9,60.20923,56.09703,0.30506,4011249089.137865,0.0,0.0,0.806871968272484,0.0,0.0,60.077839999999995,60.34062,55.97886,56.215199999999996
10.0,81.9,1.0,2.9,60.19447,56.09196,0.29912,4011249191.178297,0.0,0.0,0.7990381779308184,0.0,0.0,60.06372,60.32522,55.97436,56.20956
10.0,81.9,1.0,2.9,60.17988,56.1166,0.32844,4011249293.252586,0.0,0.0,0.8110256948327923,0.0,0.0,60.048159999999996,60.3116,55.99812,56.235079999999996
10.0,81.9,1.0,2.9,60.23468,56.11351,0.29253,4011249561.25364,0.0,0.0,0.8155070564155864,0.0,0.0,60.10259,60.366769999999995,55.99471,56.23231
10.0,81.9,1.0,2.9,60.23256,56.1355,0.30996,4011249663.154715,0.0,0.0,0.8007592802995568,0.0,0.0,60.10167,60.36345,56.01778,56.25322
10.0,81.9,1.0,2.9,60.16767,56.10855,0.33293,4011249765.1454077,0.0,0.0,0.7839753859306884,0.0,0.0,60.03816,60.297180000000004,55.99207,56.225030000000004
10.0,81.9,1.0,2.9,60.21264,56.09918,0.31862,4011249867.285309,0.0,0.0,0.8129160025542677,0.0,0.0,60.08076,60.34452,55.98057,56.217789999999994
10.0,81.9,1.0,2.9,60.22559,56.07668,0.27331,4011249969.1728354,0.0,0.0,0.7936848928265672,0.0,0.0,60.095279999999995,60.3559,55.959480000000006,56.19388
10.0,81.9,1.0,2.9,60.18098,56.11047,0.32717,4011250071.207677,0.0,0.0,0.8069361331138559,0.0,0.0,60.049589999999995,60.31237,55.99229,56.22865
10.0,81.9,1.0,2.9,60.23688,56.14418,0.29516,4011250173.043002,0.0,0.0,0.8108190731944543,0.0,0.0,60.10517,60.36859,56.02572,56.26264
10.0,81.9,1.0,2.9,60.25611,56.14254,0.29796,4011250275.174559,0.0,0.0,0.8106603755563772,0.0,0.0,60.12442,60.3878,56.024089999999994,56.26099
10.0,81.9,1.0,2.9,60.16717,56.13432,0.35741,4011250377.182311,0.0,0.0,0.7531469081139331,0.0,0.0,60.04023,60.294109999999996,56.02015,56.248490000000004
10.0,81.9,1.0,2.9,60.17477,56.09724,0.30595,4011250479.286867,0.0,0.0,0.7951234802147202,0.0,0.0,60.044340000000005,60.3052,55.979929999999996,56.21455
10.0,81.9,1.0,2.9,60.17097,56.16329,0.34902,4011250747.186273,0.0,0.0,0.7831241032779083,0.0,0.0,60.041529999999995,60.30041,56.046870000000006,56.27971
10.0,81.9,1.0,2.9,60.18886,56.09906,0.32217,4011250849.085148,0.0,0.0,0.7962536800456218,0.0,0.0,60.05834,60.319379999999995,55.98167,56.21645
10.0,81.9,1.0,2.9,60.18825,56.12809,0.32715,4011250951.29515,0.0,0.0,0.7938090280745976,0.0,0.0,60.05793,60.318569999999994,56.01088,56.2453
10.0,81.9,1.0,2.9,60.22087,56.12729,0.31253,4011251053.234095,0.0,0.0,0.7840503445981424,0.0,0.0,60.091359999999995,60.35038,56.0108,56.24378
10.0,81.9,1.0,2.9,60.14954,56.11623,0.34791,4011251155.213377,0.0,0.0,0.7981920400246922,0.0,0.0,60.018860000000004,60.28022,55.9987,56.233760000000004
10.0,81.9,1.0,2.9,60.17412,56.12727,0.31933,4011251257.21357,0.0,0.0,0.7860003867809299,0.0,0.0,60.044450000000005,60.3038,56.01064,56.243900000000004
10.0,81.9,1.0,2.9,60.16316,56.11352,0.33542,4011251359.275947,0.0,0.0,0.7974047998557181,0.0,0.0,60.03255,60.293769999999995,55.99604,56.231
10.0,81.9,1.0,2.9,60.17885,56.07018,0.32083,4011251461.2005033,0.0,0.0,0.7938484433817502,0.0,0.0,60.04853,60.309169999999995,55.95297,56.18739
10.0,81.9,1.0,2.9,60.19845,56.12183,0.33258,4011251563.221837,0.0,0.0,0.7998484968458561,0.0,0.0,60.067640000000004,60.32926,56.00417,56.23949
10.0,81.9,1.0,2.9,60.14519,56.09232,0.3249,4011251665.179826,0.0,0.0,0.7873743445275047,0.0,0.0,60.0154,60.27498,55.975590000000004,56.20906
10.0,81.9,1.0,2.9,60.17801,56.06778,0.31552,4011251933.097381,0.0,0.0,0.7816239926618105,0.0,0.0,60.048700000000004,60.30732,55.95147,56.18409
10.0,81.9,1.0,2.9,60.20852,56.09684,0.30373,4011252035.218383,0.0,0.0,0.8029190364251619,0.0,0.0,60.07746,60.33958,55.97896,56.21472
10.0,81.9,1.0,2.9,60.1973,56.10916,0.32511,4011252137.269792,0.0,0.0,0.7948224897845058,0.0,0.0,60.0669,60.3277,55.991870000000006,56.22645
10.0,81.9,1.0,2.9,60.21967,56.09998,0.30269,4011252239.220448,0.0,0.0,0.8133685473960512,0.0,0.0,60.08776,60.35158,55.98133,56.218630000000005
10.0,81.9,1.0,2.9,60.17494,56.12134,0.32626,4011252341.1158037,0.0,0.0,0.81548680253468,0.0,0.0,60.04286,60.30703,56.002539999999996,56.24014
10.0,81.9,1.0,2.9,60.18401,56.08481,0.3255,4011252443.081773,0.0,0.0,0.8163910577891997,0.0,0.0,60.05185,60.31617,55.965939999999996,56.20368
10.0,81.9,1.0,2.9,60.19698,56.1241,0.30536,4011252545.203967,0.0,0.0,0.797875733920449,0.0,0.0,60.06633,60.327630000000006,56.006589999999996,56.24161
10.0,81.9,1.0,2.9,60.1837,56.09533,0.31047,4011252647.2333603,0.0,0.0,0.8173363799185954,0.0,0.0,60.05147,60.31593,55.976389999999995,56.21427
10.0,81.9,1.0,2.9,60.19956,56.08853,0.31453,4011252749.212789,0.0,0.0,0.7903463796181194,0.0,0.0,60.06953,60.329589999999996,55.97157,56.20549
10.0,81.9,1.0,2.9,60.21257,56.1238,0.31044,4011252851.1741247,0.0,0.0,0.8020453018202804,0.0,0.0,60.08158,60.34356,56.00598,56.241620000000005
10.0,81.9,1.0,2.9,60.1927,56.10337,0.30914,4011253119.372862,0.0,0.0,0.8062700786377253,0.0,0.0,60.06136,60.324040000000004,55.98524,56.2215
10.0,81.9,1.0,2.9,60.19402,56.09113,0.30862,4011253221.297057,0.0,0.0,0.7995340048034522,0.0,0.0,60.063230000000004,60.32481,55.9735,56.20876
10.0,81.9,1.0,2.9,60.1891,56.11679,0.31122,4011253323.207086,0.0,0.0,0.8163541300121274,0.0,0.0,60.056940000000004,60.32126,55.997930000000004,56.23565
10.0,81.9,1.0,2.9,60.21704,56.13859,0.31391,4011253425.283058,0.0,0.0,0.7967648522696571,0.0,0.0,60.086479999999995,60.3476,56.02116,56.25602
10.0,81.9,1.0,2.9,60.14991,56.0984,0.31852,4011253527.163472,0.0,0.0,0.8101621563863539,0.0,0.0,60.01826,60.28156,55.97999,56.216809999999995
10.0,81.9,1.0,2.9,60.18689,56.09638,0.31571,4011253629.186221,0.0,0.0,0.7942293805856413,0.0,0.0,60.05654,60.31724,55.97914,56.213620000000006
10.0,81.9,1.0,2.9,60.16976,56.12003,0.34109,4011253731.17402,0.0,0.0,0.7830611236916869,0.0,0.0,60.04033,60.299189999999996,56.00362,56.23644
10.0,81.9,1.0,2.9,60.21228,56.13752,0.32382,4011253833.216049,0.0,0.0,0.7707372036987514,0.0,0.0,60.08387,60.34069,56.022020000000005,56.25302
10.0,81.9,1.0,2.9,60.19854,56.11946,0.32203,4011253935.2810173,0.0,0.0,0.7949525860641808,0.0,0.0,60.068130000000004,60.32895,56.002159999999996,56.23676
10.0,81.9,1.0,2.9,60.21695,56.09566,0.31517,4011254037.3260183,0.0,0.0,0.8079732158557823,0.0,0.0,60.085469999999994,60.34843,55.97741,56.213910000000006
10.0,81.9,1.0,2.9,60.18318,56.09241,0.3176,4011254305.1057863,0.0,0.0,0.8005208912858465,0.0,0.0,60.05231,60.31405,55.9747,56.21012
10.0,81.9,1.0,2.9,60.1758,56.08314,0.32406,4011254407.223876,0.0,0.0,0.8099313135280355,0.0,0.0,60.04417,60.307430000000004,55.96474,56.20154
10.0,81.9,1.0,2.9,60.18977,56.10874,0.31102,4011254509.238063,0.0,0.0,0.8098226164954438,0.0,0.0,60.05814,60.321400000000004,55.99035,56.227129999999995
10.0,81.9,1.0,2.9,60.12198,56.08041,0.35568,4011254611.334609,0.0,0.0,0.7823701135894459,0.0,0.0,59.9926,60.25136,55.96405,56.19677
10.0,81.9,1.0,2.9,60.18753,56.10325,0.32282,4011254713.3214903,0.0,0.0,0.8117885014084981,0.0,0.0,60.05574,60.319320000000005,55.98472,56.22178
10.0,81.9,1.0,2.9,60.19269,56.11556,0.3314,4011254815.2276297,0.0,0.0,0.7764048124559024,0.0,0.0,60.06381,60.32157,55.99964,56.231480000000005
10.0,81.9,1.0,2.9,60.15814,56.09302,0.31245,4011254917.174109,0.0,0.0,0.7911281599854006,0.0,0.0,60.028040000000004,60.28824,55.97601,56.21003
10.0,81.9,1.0,2.9,60.20839,56.12068,0.32249,4011255019.2618732,0.0,0.0,0.8040074413671265,0.0,0.0,60.07724,60.33954,56.002720000000004,56.23864
10.0,81.9,1.0,2.9,60.14827,56.07309,0.32406,4011255121.377007,0.0,0.0,0.7851314272959099,0.0,0.0,60.01866999999999,60.27787,55.95652,56.18966
10.0,81.9,1.0,2.9,60.18787,56.12095,0.3214,4011255223.242033,0.0,0.0,0.8056075887564706,0.0,0.0,60.05659,60.31914999999999,56.00287,56.23903
10.0,81.9,1.0,2.9,60.14982,56.07622,0.3293,4011255491.4078293,0.0,0.0,0.7960098816347645,0.0,0.0,60.01932,60.280319999999996,55.95885,56.19359
10.0,81.9,1.0,2.9,60.19314,56.13688,0.33931,4011255593.257738,0.0,0.0,0.7879745705485535,0.0,0.0,60.0633,60.32298,56.0201,56.253659999999996
10.0,81.9,1.0,2.9,60.17322,56.09923,0.32666,4011255695.217141,0.0,0.0,0.799031074091377,0.0,0.0,60.04247,60.30397,55.981629999999996,56.21683
10.0,81.9,1.0,2.9,60.2028,56.08379,0.30154,4011255797.298851,0.0,0.0,0.7887057947270052,0.0,0.0,60.072900000000004,60.3327,55.96696,56.20062
10.0,81.9,1.0,2.9,60.20798,56.15604,0.32499,4011255899.11021,0.0,0.0,0.7933207732917574,0.0,0.0,60.0777,60.33826,56.038869999999996,56.27321
10.0,81.9,1.0,2.9,60.1354,56.11262,0.33262,4011256001.213098,0.0,0.0,0.8034658928473137,0.0,0.0,60.00429,60.26651,55.9947,56.23054
10.0,81.9,1.0,2.9,60.21085,56.16925,0.33343,4011256103.3565397,0.0,0.0,0.7891444227108406,0.0,0.0,60.08092,60.34078,56.05238,56.28612
