10.0,81.9,1.0,2.9,40.929994,40.386546,0.841614,3992546786.0,45.359375,92.8,8.705417,0.0,0.0,50000
10.0,81.9,1.0,2.9,40.951998,40.403979,0.840274,3992546889.0,45.359375,92.8,8.455101,0.0,0.0,50000
10.0,81.9,1.0,2.9,40.896002,40.36667,0.875728,3992546993.0,45.359375,92.8,8.925659,0.0,0.0,50000
10.0,81.9,1.0,2.9,40.900044,40.329987,0.839859,3992547095.0,45.359375,92.8,8.222719,0.0,0.0,50000
10.0,81.9,1.0,2.9,40.937907,40.296687,0.837389,3992547199.0,45.359375,92.8,8.976293,0.0,0.0,50000
10.0,81.9,1.0,2.9,40.951348,40.252837,0.839821,3992547302.0,45.359375,92.8,7.927594,0.0,0.0,50000
10.0,81.9,1.0,2.9,40.971469,40.378462,0.804316,3992547405.0,45.359375,92.8,8.804993,0.0,0.0,50000
10.0,81.9,1.0,2.9,40.957209,40.333054,0.802058,3992547508.0,45.359375,92.8,8.669618,0.0,0.0,50000
10.0,81.9,1.0,2.9,40.912757,40.350777,0.875084,3992547611.0,45.359375,92.8,8.432321,0.0,0.0,50000
10.0,81.9,1.0,2.9,40.916418,40.271791,0.856532,3992547714.0,45.359375,92.8,8.379335,0.0,0.0,50000
10.0,81.9,1.0,2.9,40.989407,40.352442,0.821898,3992547818.0,45.359375,92.8,8.585246,0.0,0.0,50000
10.0,81.9,1.0,2.9,40.896299,40.392568,0.87411,3992547921.0,45.359375,92.8,9.369921,0.0,0.0,50000
10.0,81.9,1.0,2.9,40.939311,40.259773,0.803415,3992548024.0,45.359375,92.8,8.175019,0.0,0.0,50000
10.0,81.9,1.0,2.9,41.01011,40.378806,0.802865,3992548127.0,45.359375,92.8,8.327771,0.0,0.0,50000
10.0,81.9,1.0,2.9,40.917423,40.332304,0.856616,3992548231.0,45.359375,92.8,8.640664,0.0,0.0,50000
10.0,81.9,1.0,2.9,40.94576,40.49869,0.876511,3992548334.0,45.359375,92.8,8.525229,0.0,0.0,50000
10.0,81.9,1.0,2.9,40.912992,40.363046,0.858706,3992548437.0,45.359375,92.8,8.263004,0.0,0.0,50000
10.0,81.9,1.0,2.9,40.957234,40.35435,0.81971,3992548540.0,45.359375,92.8,8.814507,0.0,0.0,50000
10.0,81.9,1.0,2.9,40.991758,40.352035,0.820088,3992548643.0,45.359375,92.8,8.763447,0.0,0.0,50000
10.0,81.9,1.0,2.9,41.043467,40.436933,0.803966,3992548746.0,45.359375,92.8,8.143863,0.0,0.0,50000
10.0,81.9,1.0,2.9,40.972986,40.400197,0.821462,3992548851.0,45.359375,92.8,8.21585,0.0,0.0,50000
10.0,81.9,1.0,2.9,41.013395,40.341462,0.76735,3992548954.0,45.359375,92.8,8.594589,0.0,0.0,50000
10.0,81.9,1.0,2.9,41.010691,40.348712,0.802583,3992549057.0,45.359375,92.8,8.442146,0.0,0.0,50000
10.0,81.9,1.0,2.9,40.951831,40.299384,0.856075,3992549161.0,45.359375,92.8,8.919995,0.0,0.0,50000
10.0,81.9,1.0,2.9,40.996524,40.30308,0.800565,3992549266.0,45.359375,92.8,8.541224,0.0,0.0,50000
10.0,81.9,1.0,2.9,40.872572,40.359566,0.911824,3992549369.0,45.359375,92.8,8.301366,0.0,0.0,50000
10.0,81.9,1.0,2.9,40.989957,40.443257,0.820968,3992549472.0,45.359375,92.8,8.332049,0.0,0.0,50000
10.0,81.9,1.0,2.9,40.897261,40.318036,0.858171,3992549575.0,45.359375,92.8,8.463204,0.0,0.0,50000
10.0,81.9,1.0,2.9,40.96711,40.37609,0.855474,3992549678.0,45.359375,92.8,8.794212,0.0,0.0,50000
10.0,81.9,1.0,2.9,40.933618,40.375366,0.856697,3992549782.0,45.359375,92.8,8.693857,0.0,0.0,50000
10.0,81.9,1.0,2.9,40.990072,40.383123,0.820773,3992549885.0,45.359375,92.8,8.071835,0.0,0.0,50000
10.0,81.9,1.0,2.9,40.97309,40.337825,0.820505,3992549988.0,45.359375,92.8,8.627612,0.0,0.0,50000
10.0,81.9,1.0,2.9,40.935822,40.325711,0.838452,3992550092.0,45.359375,92.8,8.712283,0.0,0.0,50000
10.0,81.9,1.0,2.9,40.936333,40.478784,0.839287,3992550195.0,45.359375,92.8,8.255231,0.0,0.0,50000
10.0,81.9,1.0,2.9,40.955028,40.381947,0.820625,3992550298.0,45.359375,92.8,8.506819,0.0,0.0,50000
10.0,81.9,1.0,2.9,40.920163,40.345586,0.838153,3992550402.0,45.359375,92.8,8.667709,0.0,0.0,50000
10.0,81.9,1.0,2.9,40.917521,40.241178,0.855598,3992550505.0,45.359375,92.8,8.251809,0.0,0.0,50000
10.0,81.9,1.0,2.9,40.971076,40.396889,0.821692,3992550608.0,45.359375,92.8,8.646866,0.0,0.0,50000
10.0,81.9,1.0,2.9,40.974791,40.300484,0.785911,3992550711.0,45.359375,92.8,8.136673,0.0,0.0,50000
10.0,81.9,1.0,2.9,40.937692,40.337925,0.820981,3992550815.0,45.359375,92.8,8.689826,0.0,0.0,50000
10.0,81.9,1.0,2.9,40.974854,40.30863,0.819548,3992550918.0,45.359375,92.8,8.106952,0.0,0.0,50000
10.0,81.9,1.0,2.9,40.988418,40.439862,0.822045,3992551022.0,45.359375,92.8,8.958912,0.0,0.0,50000
10.0,81.9,1.0,2.9,40.915101,40.342873,0.840625,3992551126.0,45.359375,92.8,8.882163,0.0,0.0,50000
10.0,81.9,1.0,2.9,40.992645,40.314803,0.784861,3992551229.0,45.359375,92.8,8.608839,0.0,0.0,50000
10.0,81.9,1.0,2.9,41.009052,40.337733,0.820159,3992551333.0,45.359375,92.8,8.058791,0.0,0.0,50000
10.0,81.9,1.0,2.9,40.953771,40.281521,0.838263,3992551437.0,45.359375,92.8,8.744166,0.0,0.0,50000
10.0,81.9,1.0,2.9,40.91834,40.303609,0.855819,3992551540.0,45.359375,92.8,8.364301,0.0,0.0,50000
