10.0,81.9,1.0,2.9,59.0657,50.64092,0.61897,4011358391.206765,0.0,0.0,3.2834376314500124,0.0,0.0,58.80437,59.32704,50.40587,50.87598
10.0,81.9,1.0,2.9,59.07264,50.67656,0.63264,4011358493.032955,0.0,0.0,3.256336017903563,0.0,0.0,58.81239,59.33291,50.44248,50.910650000000004
10.0,81.9,1.0,2.9,59.04392,50.64481,0.62313,4011358595.1121798,0.0,0.0,3.288496252632599,0.0,0.0,58.78239,59.30546,50.40958,50.88005
10.0,81.9,1.0,2.9,59.08278,50.65997,0.62763,4011358697.0187016,0.0,0.0,3.2753877579918282,0.0,0.0,58.82177,59.3438,50.42521,50.89474
10.0,81.9,1.0,2.9,59.09266,50.69415,0.6425,4011358799.1799355,0.0,0.0,3.2524517502945653,0.0,0.0,58.83256,59.35277,50.460210000000004,50.9281
10.0,81.9,1.0,2.9,59.09025,50.67172,0.61735,4011358901.100026,0.0,0.0,3.2943946931185963,0.0,0.0,58.828489999999995,59.352019999999996,50.436280000000004,50.90717
10.0,81.9,1.0,2.9,59.09376,50.64806,0.59684,4011359003.309512,0.0,0.0,3.252093185924556,0.0,0.0,58.833670000000005,59.353860000000005,50.41413,50.882
10.0,81.9,1.0,2.9,59.032,50.62361,0.62711,4011359105.267605,0.0,0.0,3.309485533307346,0.0,0.0,58.769639999999995,59.294369999999994,50.38764,50.85959
10.0,81.9,1.0,2.9,59.02598,50.63459,0.64072,4011359207.2856817,0.0,0.0,3.2832301362829517,0.0,0.0,58.76466,59.28731,50.399550000000005,50.869640000000004
10.0,81.9,1.0,2.9,59.04524,50.63839,0.61838,4011359309.319289,0.0,0.0,3.2805623641031074,0.0,0.0,58.78403,59.30647,50.40345,50.87334
10.0,81.9,1.0,2.9,59.02992,50.63876,0.63561,4011359577.8896165,0.0,0.0,3.3175887424964845,0.0,0.0,58.767239999999994,59.292609999999996,50.402499999999996,50.875029999999995
10.0,81.9,1.0,2.9,59.02895,50.63849,0.63438,4011359679.879057,0.0,0.0,3.2829714063336417,0.0,0.0,58.76764,59.29027,50.403459999999995,50.873529999999995
10.0,81.9,1.0,2.9,59.05823,50.66022,0.62853,4011359781.8153296,0.0,0.0,3.2651632919249973,0.0,0.0,58.797630000000005,59.318850000000005,50.425830000000005,50.89463
10.0,81.9,1.0,2.9,59.08954,50.65085,0.60158,4011359883.6554823,0.0,0.0,3.321932775320903,0.0,0.0,58.82669,59.3524,50.41444,50.88727
10.0,81.9,1.0,2.9,59.00429,50.61772,0.63835,4011359985.8707685,0.0,0.0,3.2894442593377935,0.0,0.0,58.742729999999995,59.26587,50.38246,50.85299
10.0,81.9,1.0,2.9,59.04714,50.64265,0.63831,4011360087.8969507,0.0,0.0,3.281775009810705,0.0,0.0,58.78588,59.30841,50.40766,50.87765
10.0,81.9,1.0,2.9,59.03902,50.61354,0.61496,4011360189.824047,0.0,0.0,3.2878220899987984,0.0,0.0,58.77752,59.30053,50.37834,50.84875
10.0,81.9,1.0,2.9,59.02655,50.63855,0.62598,4011360291.8202286,0.0,0.0,3.2640289998708383,0.0,0.0,58.76599,59.28712,50.4042,50.872910000000005
10.0,81.9,1.0,2.9,59.06957,50.65644,0.61832,4011360393.9235334,0.0,0.0,3.268869050994763,0.0,0.0,58.80882,59.33033,50.421910000000004,50.890980000000006
10.0,81.9,1.0,2.9,59.07129,50.65321,0.61142,4011360495.679209,0.0,0.0,3.272737935508486,0.0,0.0,58.81039,59.332209999999996,50.41855,50.88789
10.0,81.9,1.0,2.9,59.01805,50.63757,0.62655,4011360764.128017,0.0,0.0,3.333267731739445,0.0,0.0,58.754760000000005,59.28135,50.40076,50.87439
10.0,81.9,1.0,2.9,59.07132,50.64176,0.61015,4011360866.536518,0.0,0.0,3.2984418738407673,0.0,0.0,58.8094,59.33325,50.40618,50.87735
10.0,81.9,1.0,2.9,59.04671,50.65504,0.63374,4011360968.4789114,0.0,0.0,3.290613184596677,0.0,0.0,58.7851,59.30833,50.41974,50.89035
10.0,81.9,1.0,2.9,59.07861,50.65207,0.6218,4011361070.4518623,0.0,0.0,3.2728490528320204,0.0,0.0,58.817699999999995,59.339529999999996,50.4174,50.88675
10.0,81.9,1.0,2.9,59.06814,50.65662,0.63828,4011361172.464174,0.0,0.0,3.266638276076306,0.0,0.0,58.80748,59.32882,50.422169999999994,50.891079999999995
10.0,81.9,1.0,2.9,59.10347,50.69176,0.61549,4011361274.3921576,0.0,0.0,3.347721392557982,0.0,0.0,58.83961,59.36734,50.454440000000005,50.92909
10.0,81.9,1.0,2.9,59.03097,50.66991,0.64561,4011361376.4133053,0.0,0.0,3.3292321296057117,0.0,0.0,58.76784000000001,59.29412000000001,50.433240000000005,50.90659
10.0,81.9,1.0,2.9,59.03408,50.6465,0.62699,4011361478.422187,0.0,0.0,3.271227922592577,0.0,0.0,58.77324,59.294940000000004,50.41189,50.88112
10.0,81.9,1.0,2.9,59.00694,50.63698,0.64295,4011361580.457406,0.0,0.0,3.3214288640125336,0.0,0.0,58.74411,59.26978,50.40059,50.873380000000004
10.0,81.9,1.0,2.9,59.06342,50.64758,0.62907,4011361682.3867397,0.0,0.0,3.2838014481678353,0.0,0.0,58.802080000000004,59.324780000000004,50.41252,50.88265
10.0,81.9,1.0,2.9,59.0985,50.67263,0.61848,4011361950.5561585,0.0,0.0,3.2873269808103953,0.0,0.0,58.83702,59.36,50.43745,50.90783
10.0,81.9,1.0,2.9,59.03225,50.61158,0.6255,4011362052.522656,0.0,0.0,3.273365763170269,0.0,0.0,58.771319999999996,59.293189999999996,50.376889999999996,50.84627999999999
10.0,81.9,1.0,2.9,59.01179,50.62909,0.65511,4011362154.5033827,0.0,0.0,3.2842187369379157,0.0,0.0,58.750429999999994,59.27316,50.39402,50.86417
10.0,81.9,1.0,2.9,59.0397,50.63909,0.62296,4011362256.410273,0.0,0.0,3.2946487302668457,0.0,0.0,58.777930000000005,59.301480000000005,50.403650000000006,50.87454
10.0,81.9,1.0,2.9,59.09377,50.67241,0.6239,4011362358.5452576,0.0,0.0,3.287372942836818,0.0,0.0,58.83229,59.35527,50.437219999999996,50.90761
10.0,81.9,1.0,2.9,59.08038,50.67471,0.62494,4011362460.4020185,0.0,0.0,3.2637159581325768,0.0,0.0,58.819829999999996,59.340939999999996,50.440369999999994,50.90906
10.0,81.9,1.0,2.9,59.03278,50.66183,0.64639,4011362562.500844,0.0,0.0,3.2559622505766757,0.0,0.0,58.77254,59.29303,50.42776,50.89591
10.0,81.9,1.0,2.9,59.02479,50.63649,0.63883,4011362664.3486443,0.0,0.0,3.2792345393244915,0.0,0.0,58.763630000000006,59.28596,50.40159,50.8714
10.0,81.9,1.0,2.9,59.10374,50.64792,0.60311,4011362766.430361,0.0,0.0,3.260336420028702,0.0,0.0,58.84333,59.36417,50.4137,50.882149999999996
10.0,81.9,1.0,2.9,59.09606,50.64169,0.58843,4011362868.542283,0.0,0.0,3.2807636635756463,0.0,0.0,58.83484,59.3573,50.40674,50.87665
10.0,81.9,1.0,2.9,59.00449,50.64416,0.65174,4011363136.8813367,0.0,0.0,3.3183638370162467,0.0,0.0,58.74178,59.26721,50.40787,50.88046
10.0,81.9,1.0,2.9,59.03793,50.63236,0.62921,4011363238.819802,0.0,0.0,3.2950809718566743,0.0,0.0,58.776140000000005,59.299730000000004,50.396899999999995,50.86783
10.0,81.9,1.0,2.9,59.05672,50.64324,0.61306,4011363340.866686,0.0,0.0,3.2812119075189585,0.0,0.0,58.79548,59.317969999999995,50.40827,50.87822
10.0,81.9,1.0,2.9,59.0771,50.64007,0.60187,4011363442.9323044,0.0,0.0,3.262832146975829,0.0,0.0,58.816590000000005,59.33762,50.40576,50.87439
10.0,81.9,1.0,2.9,59.05536,50.63573,0.6236,4011363544.820077,0.0,0.0,3.2916902848715512,0.0,0.0,58.79371,59.31703,50.40039,50.87108
10.0,81.9,1.0,2.9,59.02795,50.6462,0.63147,4011363646.920377,0.0,0.0,3.2798311910797393,0.0,0.0,58.766769999999994,59.28915,50.41128,50.88113
10.0,81.9,1.0,2.9,59.0333,50.64025,0.63134,4011363748.923521,0.0,0.0,3.2310801386837573,0.0,0.0,58.774049999999995,59.292559999999995,50.40708,50.87343
10.0,81.9,1.0,2.9,59.02954,50.6591,0.65491,4011363850.9017773,0.0,0.0,3.2834058246701643,0.0,0.0,58.768209999999996,59.290879999999994,50.424060000000004,50.89416
10.0,81.9,1.0,2.9,59.07293,50.69355,0.64231,4011363952.9099307,0.0,0.0,3.2573239902624183,0.0,0.0,58.81264,59.333239999999996,50.459430000000005,50.92768
10.0,81.9,1.0,2.9,59.05765,50.64865,0.61791,4011364054.914425,0.0,0.0,3.3052987799990325,0.0,0.0,58.795460000000006,59.31985,50.41283000000001,50.88448
10.0,81.9,1.0,2.9,59.06481,50.65236,0.62385,4011364323.297448,0.0,0.0,3.240534802374156,0.0,0.0,58.80519,59.32445,50.41885,50.88588
10.0,81.9,1.0,2.9,59.06478,50.66417,0.62046,4011364425.1719074,0.0,0.0,3.28458258170346,0.0,0.0,58.80341,59.32617,50.42908,50.89927
10.0,81.9,1.0,2.9,59.00992,50.61694,0.6385,4011364527.275304,0.0,0.0,3.282551786524109,0.0,0.0,58.74863,59.27122,50.38193,50.85196
10.0,81.9,1.0,2.9,59.09207,50.67928,0.62741,4011364629.273835,0.0,0.0,3.252801051997205,0.0,0.0,58.83196,59.352199999999996,50.44533,50.91324
10.0,81.9,1.0,2.9,59.05029,50.63553,0.6196,4011364731.4568357,0.0,0.0,3.2179648801629717,0.0,0.0,58.79157,59.30903,50.40283,50.86824
10.0,81.9,1.0,2.9,59.10693,50.69915,0.63107,4011364833.1713314,0.0,0.0,3.273871774701744,0.0,0.0,58.84598,59.367889999999996,50.46444,50.933870000000006
10.0,81.9,1.0,2.9,59.04743,50.66824,0.64332,4011364935.2290516,0.0,0.0,3.2616338891265357,0.0,0.0,58.78697,59.30791,50.433969999999995,50.902519999999996
10.0,81.9,1.0,2.9,59.02569,50.66553,0.66249,4011365037.268635,0.0,0.0,3.281085821081917,0.0,0.0,58.76446,59.286939999999994,50.430569999999996,50.900499999999994
10.0,81.9,1.0,2.9,59.07123,50.68184,0.65458,4011365139.2438564,0.0,0.0,3.260360136702202,0.0,0.0,58.81082,59.33166,50.44762,50.91607
10.0,81.9,1.0,2.9,59.06195,50.63799,0.61646,4011365241.2254,0.0,0.0,3.304023663348597,0.0,0.0,58.79981,59.3241,50.402210000000004,50.873780000000004
10.0,81.9,1.0,2.9,59.04929,50.65406,0.6433,4011365509.7400074,0.0,0.0,3.27455932576391,0.0,0.0,58.788309999999996,59.31028,50.41933,50.8888
10.0,81.9,1.0,2.9,59.07791,50.67433,0.6276,4011365611.805196,0.0,0.0,3.2949173960893945,0.0,0.0,58.81613,59.3397,50.43888,50.9098
10.0,81.9,1.0,2.9,59.06817,50.66052,0.63019,4011365713.7588663,0.0,0.0,3.255287255414308,0.0,0.0,58.80796,59.32839,50.42648,50.89457
10.0,81.9,1.0,2.9,59.04045,50.63716,0.63625,4011365815.665601,0.0,0.0,3.291881982494252,0.0,0.0,58.77879,59.30212,50.401810000000005,50.87252
10.0,81.9,1.0,2.9,59.0843,50.69567,0.63278,4011365917.531967,0.0,0.0,3.3275516979283077,0.0,0.0,58.82123,59.34738,50.45906,50.93229
10.0,81.9,1.0,2.9,59.11181,50.64319,0.59413,4011366019.607392,0.0,0.0,3.2382865573632116,0.0,0.0,58.85227,59.371359999999996,50.40976,50.87663
10.0,81.9,1.0,2.9,59.06746,50.64921,0.61974,4011366121.74345,0.0,0.0,3.286739575886725,0.0,0.0,58.806,59.32893,50.414049999999996,50.88437999999999
10.0,81.9,1.0,2.9,59.05077,50.64987,0.62334,4011366223.5854683,0.0,0.0,3.2179889326882396,0.0,0.0,58.79205,59.30951,50.41717,50.88258
10.0,81.9,1.0,2.9,59.07788,50.65295,0.6177,4011366325.558702,0.0,0.0,3.3007202237722963,0.0,0.0,58.815870000000004,59.3399,50.417289999999994,50.888619999999996
10.0,81.9,1.0,2.9,59.04115,50.64027,0.64351,4011366427.553289,0.0,0.0,3.298325896231899,0.0,0.0,58.77923,59.30308,50.4047,50.87586
10.0,81.9,1.0,2.9,59.09426,50.67449,0.60687,4011366696.279454,0.0,0.0,3.305768350204564,0.0,0.0,58.832049999999995,59.35648,50.438649999999996,50.91034
10.0,81.9,1.0,2.9,59.07131,50.62835,0.60974,4011366798.353739,0.0,0.0,3.2449846121684507,0.0,0.0,58.81151,59.33112,50.39468,50.86203
10.0,81.9,1.0,2.9,59.0543,50.62337,0.60972,4011366900.132065,0.0,0.0,3.2502064129470045,0.0,0.0,58.79429,59.314319999999995,50.38951,50.857240000000004
10.0,81.9,1.0,2.9,59.09866,50.68336,0.62897,4011367002.1902885,0.0,0.0,3.2827795725298445,0.0,0.0,58.837360000000004,59.35998,50.44834,50.91839
10.0,81.9,1.0,2.9,59.05597,50.62822,0.62199,4011367104.3140965,0.0,0.0,3.2968133916319995,0.0,0.0,58.79411,59.317840000000004,50.3927,50.863749999999996
10.0,81.9,1.0,2.9,59.07769,50.67423,0.62927,4011367206.192869,0.0,0.0,3.2776049432293526,0.0,0.0,58.81659,59.3388,50.43939,50.90908
10.0,81.9,1.0,2.9,59.04958,50.65619,0.63439,4011367308.3042808,0.0,0.0,3.277351901289272,0.0,0.0,58.788489999999996,59.31068,50.42136,50.89103
10.0,81.9,1.0,2.9,59.06157,50.65405,0.6309,4011367410.3094225,0.0,0.0,3.281262015348057,0.0,0.0,58.80033,59.32282,50.41908,50.88903
10.0,81.9,1.0,2.9,59.02426,50.64783,0.65151,4011367512.328111,0.0,0.0,3.286441375411091,0.0,0.0,58.762809999999995,59.28572,50.41268,50.88299
10.0,81.9,1.0,2.9,59.0581,50.63773,0.61184,4011367614.256794,0.0,0.0,3.2877600527492437,0.0,0.0,58.796600000000005,59.319610000000004,50.40253,50.87294
10.0,81.9,1.0,2.9,59.00547,50.61357,0.63776,4011367882.2582994,0.0,0.0,3.284528842320081,0.0,0.0,58.7441,59.266850000000005,50.37849,50.84866
10.0,81.9,1.0,2.9,59.04655,50.6589,0.64492,4011367984.22031,0.0,0.0,3.27111843866479,0.0,0.0,58.78571,59.3074,50.42429,50.89352
10.0,81.9,1.0,2.9,59.04211,50.64385,0.62204,4011368086.2862606,0.0,0.0,3.307103325382862,0.0,0.0,58.77985,59.30439,50.40796,50.87975
10.0,81.9,1.0,2.9,59.03717,50.66045,0.64371,4011368188.2052393,0.0,0.0,3.2622351064780766,0.0,0.0,58.776680000000006,59.297670000000004,50.426159999999996,50.894749999999995
10.0,81.9,1.0,2.9,59.03881,50.65642,0.63654,4011368290.364069,0.0,0.0,3.3272390441325723,0.0,0.0,58.775749999999995,59.30188,50.419819999999994,50.893029999999996
10.0,81.9,1.0,2.9,59.05597,50.66283,0.63224,4011368392.2060227,0.0,0.0,3.2844432897538303,0.0,0.0,58.7946,59.317350000000005,50.427749999999996,50.89792
10.0,81.9,1.0,2.9,59.01402,50.67976,0.66733,4011368494.420743,0.0,0.0,3.2487086971348442,0.0,0.0,58.75407,59.27398,50.44595,50.91358
10.0,81.9,1.0,2.9,59.02689,50.65052,0.64647,4011368596.52098,0.0,0.0,3.286222231313317,0.0,0.0,58.76545,59.288340000000005,50.41538,50.88568
10.0,81.9,1.0,2.9,59.04468,50.65606,0.63993,4011368698.2539053,0.0,0.0,3.301079794205375,0.0,0.0,58.78266,59.30672,50.42039,50.89174
10.0,81.9,1.0,2.9,59.03979,50.63519,0.6182,4011368800.182418,0.0,0.0,3.28926214693041,0.0,0.0,58.77823,59.30136,50.39994,50.87045
10.0,81.9,1.0,2.9,59.0561,50.6459,0.6288,4011369068.348949,0.0,0.0,3.2874300214626535,0.0,0.0,58.79461,59.3176,50.410709999999995,50.881099999999996
10.0,81.9,1.0,2.9,59.02756,50.6488,0.64707,4011369170.185107,0.0,0.0,3.299991248769679,0.0,0.0,58.76558,59.28955,50.41317,50.88444
10.0,81.9,1.0,2.9,59.03127,50.62473,0.6247,4011369272.1691713,0.0,0.0,3.253760146648632,0.0,0.0,58.771119999999996,59.29143,50.39074,50.85873
10.0,81.9,1.0,2.9,59.06436,50.67101,0.63293,4011369374.239051,0.0,0.0,3.2778074802969748,0.0,0.0,58.80325,59.32548,50.43616,50.90587
10.0,81.9,1.0,2.9,59.06254,50.64143,0.62391,4011369476.224806,0.0,0.0,3.2960733943738885,0.0,0.0,58.800709999999995,59.32438,50.40594,50.87694
10.0,81.9,1.0,2.9,59.05509,50.64525,0.62264,4011369578.35334,0.0,0.0,3.2771695740009683,0.0,0.0,58.79401,59.31618,50.41043,50.88008
10.0,81.9,1.0,2.9,59.02577,50.63885,0.64568,4011369680.325611,0.0,0.0,3.2789903850954554,0.0,0.0,58.76462,59.28693,50.40396,50.87375
10.0,81.9,1.0,2.9,59.03871,50.63916,0.64427,4011369782.32047,0.0,0.0,3.280129758282845,0.0,0.0,58.77751,59.29992,50.40423,50.8741
10.0,81.9,1.0,2.9,59.03097,50.64815,0.63715,4011369884.3981714,0.0,0.0,3.292228120969608,0.0,0.0,58.7693,59.292660000000005,50.41279,50.883520000000004
10.0,81.9,1.0,2.9,59.04074,50.64043,0.63577,4011369986.242697,0.0,0.0,3.2763866542430344,0.0,0.0,58.77969,59.3018,50.405640000000005,50.875240000000005
10.0,81.9,1.0,2.9,59.08086,50.66078,0.62409,4011370254.8955064,0.0,0.0,3.292818658142444,0.0,0.0,58.819160000000004,59.34257,50.4254,50.896170000000005
10.0,81.9,1.0,2.9,59.07434,50.67369,0.62109,4011370356.812125,0.0,0.0,3.3045325849659832,0.0,0.0,58.81218,59.33651,50.43789,50.9095
10.0,81.9,1.0,2.9,59.04541,50.68412,0.64729,4011370458.7094855,0.0,0.0,3.2974222978684797,0.0,0.0,58.78353,59.3073,50.44858,50.91967
10.0,81.9,1.0,2.9,59.05062,50.63172,0.61956,4011370560.7583184,0.0,0.0,3.258400655658866,0.0,0.0,58.79028,59.310970000000005,50.39757,50.865880000000004
10.0,81.9,1.0,2.9,59.06469,50.67308,0.63357,4011370662.873578,0.0,0.0,3.2564507336599116,0.0,0.0,58.804429999999996,59.32496,50.439,50.90717
10.0,81.9,1.0,2.9,59.07156,50.65159,0.62186,4011370764.892954,0.0,0.0,3.270176272869089,0.0,0.0,58.810759999999995,59.33238,50.41702,50.88617
10.0,81.9,1.0,2.9,59.08372,50.67859,0.62321,4011370866.831127,0.0,0.0,3.2884473511338976,0.0,0.0,58.82219,59.345259999999996,50.44337,50.91383
10.0,81.9,1.0,2.9,59.0441,50.67473,0.64267,4011370968.626858,0.0,0.0,3.2771467325292094,0.0,0.0,58.78302,59.30519,50.43991,50.90956
10.0,81.9,1.0,2.9,59.05891,50.66263,0.63073,4011371070.9349003,0.0,0.0,3.298447284312351,0.0,0.0,58.796989999999994,59.32084,50.42705,50.89822
10.0,81.9,1.0,2.9,59.03947,50.63906,0.63426,4011371172.9316783,0.0,0.0,3.286263399947389,0.0,0.0,58.77803,59.300920000000005,50.40391,50.87422
10.0,81.9,1.0,2.9,59.03829,50.64577,0.63905,4011371441.4218483,0.0,0.0,3.300987438709538,0.0,0.0,58.776270000000004,59.300320000000006,50.4101,50.88145
10.0,81.9,1.0,2.9,59.05847,50.65292,0.62877,4011371543.536996,0.0,0.0,3.2903851068623466,0.0,0.0,58.79687,59.32009,50.41763,50.888220000000004
10.0,81.9,1.0,2.9,59.01043,50.66116,0.65704,4011371645.465525,0.0,0.0,3.252684842656181,0.0,0.0,58.75032,59.27055,50.42721,50.895120000000006
10.0,81.9,1.0,2.9,59.0911,50.64653,0.60874,4011371747.421976,0.0,0.0,3.282702320832235,0.0,0.0,58.8298,59.35241,50.41151,50.88156
10.0,81.9,1.0,2.9,59.07596,50.66764,0.63075,4011371849.414728,0.0,0.0,3.297634791034007,0.0,0.0,58.81407,59.33786,50.432089999999995,50.9032
10.0,81.9,1.0,2.9,59.03327,50.66676,0.64007,4011371951.2660637,0.0,0.0,3.269463426111349,0.0,0.0,58.7725,59.29406,50.43221,50.90132
10.0,81.9,1.0,2.9,59.06537,50.64581,0.62263,4011372053.3409615,0.0,0.0,3.2926309664088427,0.0,0.0,58.80368,59.32707,50.410439999999994,50.88119
10.0,81.9,1.0,2.9,59.06349,50.67349,0.62951,4011372155.3884516,0.0,0.0,3.3174883084711535,0.0,0.0,58.80082,59.326170000000005,50.43723,50.90976
10.0,81.9,1.0,2.9,59.01089,50.62978,0.63982,4011372257.3940525,0.0,0.0,3.276754332931396,0.0,0.0,58.74983,59.27196,50.394969999999994,50.864599999999996
10.0,81.9,1.0,2.9,59.06589,50.64042,0.61388,4011372359.417194,0.0,0.0,3.2759243654153263,0.0,0.0,58.804860000000005,59.326930000000004,50.40564,50.875209999999996
10.0,81.9,1.0,2.9,59.07619,50.65993,0.61964,4011372627.98156,0.0,0.0,3.2800873069531944,0.0,0.0,58.814989999999995,59.337399999999995,50.425000000000004,50.894870000000004
10.0,81.9,1.0,2.9,59.06887,50.65154,0.62156,4011372729.8363705,0.0,0.0,3.330118033673279,0.0,0.0,58.805699999999995,59.332049999999995,50.41484,50.88825
10.0,81.9,1.0,2.9,59.04907,50.66416,0.63933,4011372831.9632263,0.0,0.0,3.3052007106575094,0.0,0.0,58.786880000000004,59.31127,50.428340000000006,50.89999
10.0,81.9,1.0,2.9,59.04336,50.66858,0.64224,4011372933.7515755,0.0,0.0,3.2877315804673404,0.0,0.0,58.78186,59.30487,50.43338,50.90379
10.0,81.9,1.0,2.9,59.03554,50.6435,0.62511,4011373035.8524485,0.0,0.0,3.280199830778307,0.0,0.0,58.774339999999995,59.296749999999996,50.408570000000005,50.878440000000005
10.0,81.9,1.0,2.9,59.01684,50.65395,0.65431,4011373137.792236,0.0,0.0,3.2868857881697657,0.0,0.0,58.75538,59.27832,50.418780000000005,50.88913
10.0,81.9,1.0,2.9,59.05642,50.66073,0.63121,4011373239.901178,0.0,0.0,3.2920267450511522,0.0,0.0,58.79475,59.3181,50.425380000000004,50.89609
10.0,81.9,1.0,2.9,59.02413,50.64009,0.63096,4011373341.9362655,0.0,0.0,3.2909509309543465,0.0,0.0,58.76251,59.28577,50.40478,50.87541
10.0,81.9,1.0,2.9,59.07235,50.65249,0.62182,4011373443.8412385,0.0,0.0,3.300578175447473,0.0,0.0,58.810340000000004,59.33437,50.41683,50.88816
10.0,81.9,1.0,2.9,59.0814,50.68511,0.62529,4011373545.752158,0.0,0.0,3.2737881654816743,0.0,0.0,58.82045,59.34236,50.450410000000005,50.91982
10.0,81.9,1.0,2.9,59.04817,50.61751,0.60723,4011373813.882431,0.0,0.0,3.2609927932978477,0.0,0.0,58.787729999999996,59.30862,50.38327,50.85177
10.0,81.9,1.0,2.9,59.05958,50.62835,0.61867,4011373915.9907074,0.0,0.0,3.2557428897893845,0.0,0.0,58.79935,59.31982,50.39429,50.86242
10.0,81.9,1.0,2.9,59.04251,50.65148,0.62161,4011374017.947754,0.0,0.0,3.2895794288409825,0.0,0.0,58.78094,59.30409,50.41622,50.88676
10.0,81.9,1.0,2.9,59.06534,50.69281,0.63613,4011374119.988046,0.0,0.0,3.278758161759449,0.0,0.0,58.8042,59.326499999999996,50.457930000000005,50.9277
10.0,81.9,1.0,2.9,59.05783,50.66947,0.64832,4011374221.948627,0.0,0.0,3.296116262259666,0.0,0.0,58.796,59.31967,50.433969999999995,50.904979999999995
10.0,81.9,1.0,2.9,59.09026,50.68052,0.61437,4011374323.89956,0.0,0.0,3.2951373624254217,0.0,0.0,58.82847,59.35206,50.44506,50.91599
10.0,81.9,1.0,2.9,59.01151,50.62976,0.65391,4011374425.9426594,0.0,0.0,3.272951542706118,0.0,0.0,58.7506,59.27243,50.395089999999996,50.864439999999995
10.0,81.9,1.0,2.9,59.04493,50.63383,0.62956,4011374527.7728786,0.0,0.0,3.2493742008664546,0.0,0.0,58.78495,59.30492,50.400000000000006,50.867670000000004
10.0,81.9,1.0,2.9,59.06252,50.65545,0.61978,4011374629.85279,0.0,0.0,3.281029042707592,0.0,0.0,58.80129,59.323769999999996,50.42049,50.89042
10.0,81.9,1.0,2.9,59.10601,50.67287,0.6117,4011374731.981806,0.0,0.0,3.264791623204772,0.0,0.0,58.84542,59.366609999999994,50.43849,50.90726
10.0,81.9,1.0,2.9,59.0472,50.62552,0.61402,4011375000.1000915,0.0,0.0,3.2262787568529308,0.0,0.0,58.78814,59.30627,50.392520000000005,50.85853
10.0,81.9,1.0,2.9,58.99865,50.63896,0.66377,4011375102.398201,0.0,0.0,3.2713071625594825,0.0,0.0,58.7378,59.25951,50.404349999999994,50.87358
10.0,81.9,1.0,2.9,59.04357,50.66655,0.63335,4011375204.337117,0.0,0.0,3.28028578995383,0.0,0.0,58.78237,59.304790000000004,50.43162,50.90149
10.0,81.9,1.0,2.9,59.07539,50.63952,0.61529,4011375306.356804,0.0,0.0,3.296920202013362,0.0,0.0,58.81353,59.33726,50.403999999999996,50.87506
10.0,81.9,1.0,2.9,59.08669,50.65595,0.60976,4011375408.161043,0.0,0.0,3.2533458553905836,0.0,0.0,58.82655,59.34684,50.42198,50.88993
10.0,81.9,1.0,2.9,59.0502,50.6546,0.64146,4011375510.301527,0.0,0.0,3.2392098302301173,0.0,0.0,58.79063,59.309779999999996,50.421130000000005,50.88808
10.0,81.9,1.0,2.9,59.05766,50.67281,0.6385,4011375612.341954,0.0,0.0,3.300367012409179,0.0,0.0,58.79566,59.319669999999995,50.43716,50.90847
10.0,81.9,1.0,2.9,59.04341,50.6699,0.65233,4011375714.233057,0.0,0.0,3.283728004763006,0.0,0.0,58.782070000000004,59.30476,50.43484,50.90497
10.0,81.9,1.0,2.9,59.06916,50.65832,0.62885,4011375816.4552383,0.0,0.0,3.284940705249263,0.0,0.0,58.80777,59.33056,50.42322,50.89343
10.0,81.9,1.0,2.9,59.07807,50.66961,0.62889,4011375918.273572,0.0,0.0,3.290509652441205,0.0,0.0,58.81646,59.33969,50.434309999999996,50.90492
10.0,81.9,1.0,2.9,59.08343,50.64345,0.60649,4011376186.3673677,0.0,0.0,3.2684442437687777,0.0,0.0,58.8227,59.34418,50.40894,50.877970000000005
10.0,81.9,1.0,2.9,59.05871,50.65255,0.62851,4011376288.160056,0.0,0.0,3.265603812892115,0.0,0.0,58.798089999999995,59.31934,50.41814,50.88697
10.0,81.9,1.0,2.9,59.06932,50.64718,0.61804,4011376390.1825743,0.0,0.0,3.290114745590094,0.0,0.0,58.80773,59.33092,50.411899999999996,50.88247
10.0,81.9,1.0,2.9,59.06033,50.66099,0.6278,4011376492.3744917,0.0,0.0,3.2861391851491812,0.0,0.0,58.7989,59.321780000000004,50.42585,50.896139999999995
10.0,81.9,1.0,2.9,59.03402,50.66724,0.65268,4011376594.4251256,0.0,0.0,3.272994471293896,0.0,0.0,58.773109999999996,59.29495,50.43257,50.90192
10.0,81.9,1.0,2.9,59.04507,50.6354,0.6221,4011376696.2180676,0.0,0.0,3.312353589543428,0.0,0.0,58.7826,59.30755,50.39933,50.87148
10.0,81.9,1.0,2.9,59.11016,50.68105,0.61766,4011376798.2978425,0.0,0.0,3.3091348327553924,0.0,0.0,58.84782,59.37252,50.44509,50.91702
10.0,81.9,1.0,2.9,59.02964,50.66494,0.65553,4011376900.37461,0.0,0.0,3.280382397377973,0.0,0.0,58.76843,59.29086,50.43,50.89989
10.0,81.9,1.0,2.9,59.07195,50.65803,0.61777,4011377002.355482,0.0,0.0,3.252855001401981,0.0,0.0,58.81183,59.33208,50.42408,50.891999999999996
10.0,81.9,1.0,2.9,59.058,50.66823,0.63816,4011377104.369734,0.0,0.0,3.2489077480491715,0.0,0.0,58.79804,59.31797,50.43442,50.90205
10.0,81.9,1.0,2.9,59.01279,50.62613,0.63907,4011377372.4984913,0.0,0.0,3.2982142194089596,0.0,0.0,58.75088,59.274710000000006,50.39056,50.86171
10.0,81.9,1.0,2.9,59.0332,50.64481,0.62996,4011377474.6241846,0.0,0.0,3.3237836092286352,0.0,0.0,58.77028,59.29613,50.40833,50.8813
10.0,81.9,1.0,2.9,59.10437,50.69169,0.62462,4011377576.5332384,0.0,0.0,3.2344993133418334,0.0,0.0,58.84498,59.36377,50.45839,50.925000000000004
10.0,81.9,1.0,2.9,59.01668,50.6287,0.62697,4011377678.627969,0.0,0.0,3.290953529126103,0.0,0.0,58.75506,59.27832,50.393390000000004,50.864020000000004
10.0,81.9,1.0,2.9,59.05257,50.64409,0.62342,4011377780.50243,0.0,0.0,3.2806644524883724,0.0,0.0,58.79135,59.3138,50.40914,50.87905
10.0,81.9,1.0,2.9,59.04279,50.61984,0.62517,4011377882.6509857,0.0,0.0,3.295254022394826,0.0,0.0,58.781,59.30459999999999,50.384370000000004,50.855320000000006
10.0,81.9,1.0,2.9,59.00224,50.60573,0.63949,4011377984.5566664,0.0,0.0,3.2824642307443206,0.0,0.0,58.74095,59.26354,50.37072,50.84075
10.0,81.9,1.0,2.9,59.08388,50.64449,0.60668,4011378086.667206,0.0,0.0,3.2902060754120996,0.0,0.0,58.82228,59.34549,50.4092,50.87979
10.0,81.9,1.0,2.9,59.06059,50.66445,0.63222,4011378188.5012217,0.0,0.0,3.253430559624803,0.0,0.0,58.80045,59.32074,50.43047,50.89844
10.0,81.9,1.0,2.9,59.0719,50.6704,0.63541,4011378290.4830427,0.0,0.0,3.291566530445838,0.0,0.0,58.810249999999996,59.33356,50.43506,50.90575
10.0,81.9,1.0,2.9,59.08501,50.66052,0.61396,4011378558.674636,0.0,0.0,3.281053865837773,0.0,0.0,58.82378,59.346259999999994,50.42556,50.895489999999995
10.0,81.9,1.0,2.9,59.04861,50.64031,0.63348,4011378660.601512,0.0,0.0,3.330538633845853,0.0,0.0,58.78543,59.311809999999994,50.40359,50.87704
10.0,81.9,1.0,2.9,59.0623,50.65157,0.61517,4011378762.6581373,0.0,0.0,3.2522325299870496,0.0,0.0,58.80221,59.3224,50.41764,50.88551
10.0,81.9,1.0,2.9,59.03095,50.63623,0.62773,4011378864.6675024,0.0,0.0,3.2797794710740553,0.0,0.0,58.769769999999994,59.29215,50.40132,50.871159999999996
10.0,81.9,1.0,2.9,59.07031,50.67648,0.63695,4011378966.6378307,0.0,0.0,3.2487467665596745,0.0,0.0,58.810359999999996,59.33027,50.44267,50.9103
10.0,81.9,1.0,2.9,59.03005,50.64283,0.63713,4011379068.5385,0.0,0.0,3.282352695543674,0.0,0.0,58.76877,59.29135,50.407819999999994,50.877849999999995
10.0,81.9,1.0,2.9,59.00096,50.63312,0.65557,4011379170.537398,0.0,0.0,3.2472183906091585,0.0,0.0,58.74107,59.26086,50.39937,50.866879999999995
10.0,81.9,1.0,2.9,59.04352,50.67123,0.6416,4011379272.5506535,0.0,0.0,3.293524585851429,0.0,0.0,58.78179,59.305260000000004,50.43583,50.90665
10.0,81.9,1.0,2.9,59.04269,50.63985,0.617,4011379374.677002,0.0,0.0,3.285656577648999,0.0,0.0,58.78127,59.30412,50.40473,50.874990000000004
10.0,81.9,1.0,2.9,59.05788,50.63176,0.60963,4011379476.6778665,0.0,0.0,3.281822262782786,0.0,0.0,58.79662,59.31916,50.39677,50.86676
10.0,81.9,1.0,2.9,59.07004,50.66627,0.62671,4011379744.879996,0.0,0.0,3.2990584937614322,0.0,0.0,58.80809,59.332,50.43067,50.90188
10.0,81.9,1.0,2.9,59.07986,50.66379,0.62735,4011379847.0303154,0.0,0.0,3.334815319854256,0.0,0.0,58.816509999999994,59.34323,50.426919999999996,50.90067
10.0,81.9,1.0,2.9,59.04754,50.62171,0.61877,4011379948.8377833,0.0,0.0,3.240459017408694,0.0,0.0,58.78792,59.30717,50.3882,50.85523
10.0,81.9,1.0,2.9,59.01116,50.64559,0.65543,4011380050.7523746,0.0,0.0,3.2770598295893936,0.0,0.0,58.75009,59.27225,50.41077,50.88042
10.0,81.9,1.0,2.9,59.07401,50.66485,0.62902,4011380152.925886,0.0,0.0,3.2982745700860963,0.0,0.0,58.8121,59.33594,50.42928,50.90043
10.0,81.9,1.0,2.9,59.04004,50.63329,0.62534,4011380255.041292,0.0,0.0,3.269434046500259,0.0,0.0,58.77927,59.30083,50.398740000000004,50.867850000000004
10.0,81.9,1.0,2.9,59.04786,50.63385,0.62174,4011380356.985034,0.0,0.0,3.282133293960998,0.0,0.0,58.78658,59.30915,50.39885,50.868860000000005
10.0,81.9,1.0,2.9,59.0801,50.71543,0.64252,4011380458.8996034,0.0,0.0,3.2515995333747525,0.0,0.0,58.82003,59.340180000000004,50.481519999999996,50.949349999999995
10.0,81.9,1.0,2.9,59.09876,50.65042,0.59371,4011380560.9790344,0.0,0.0,3.28291936158822,0.0,0.0,58.83745,59.360079999999996,50.415389999999995,50.885459999999995
10.0,81.9,1.0,2.9,59.06295,50.67833,0.63166,4011380662.8541374,0.0,0.0,3.2584967799693945,0.0,0.0,58.80261,59.3233,50.44417,50.9125
10.0,81.9,1.0,2.9,59.06437,50.62163,0.60412,4011380930.9655027,0.0,0.0,3.2856129575083246,0.0,0.0,58.80296,59.325799999999994,50.38651,50.85676
10.0,81.9,1.0,2.9,59.04267,50.63757,0.62892,4011381032.861457,0.0,0.0,3.298922701585778,0.0,0.0,58.78073,59.30462,50.40197,50.87318
10.0,81.9,1.0,2.9,59.05157,50.65094,0.62337,4011381135.033413,0.0,0.0,3.277916122313856,0.0,0.0,58.790459999999996,59.312689999999996,50.41609,50.885799999999996
10.0,81.9,1.0,2.9,59.07661,50.68409,0.63683,4011381236.9091597,0.0,0.0,3.28828779105995,0.0,0.0,58.815090000000005,59.33814,50.44887,50.91932
10.0,81.9,1.0,2.9,59.03503,50.6556,0.64127,4011381339.005121,0.0,0.0,3.27522412068837,0.0,0.0,58.774029999999996,59.29604,50.42085,50.89036
10.0,81.9,1.0,2.9,59.08691,50.67936,0.62836,4011381440.9764338,0.0,0.0,3.290450587880831,0.0,0.0,58.825300000000006,59.348530000000004,50.44406,50.91467
10.0,81.9,1.0,2.9,59.00346,50.63639,0.65242,4011381542.9557767,0.0,0.0,3.2776288730667846,0.0,0.0,58.74236,59.26457,50.40155,50.87124
10.0,81.9,1.0,2.9,59.02651,50.62819,0.63957,4011381645.0896597,0.0,0.0,3.275233485480359,0.0,0.0,58.76551,59.28752,50.39344,50.86295
10.0,81.9,1.0,2.9,59.05401,50.65707,0.62936,4011381747.0090113,0.0,0.0,3.2952802583432548,0.0,0.0,58.79221,59.315819999999995,50.4216,50.89255
10.0,81.9,1.0,2.9,59.01711,50.61718,0.62548,4011381848.8403482,0.0,0.0,3.267565706424259,0.0,0.0,58.75641,59.277820000000006,50.3827,50.85167
10.0,81.9,1.0,2.9,59.04223,50.66046,0.63484,4011382117.428691,0.0,0.0,3.278022844071282,0.0,0.0,58.78112,59.303360000000005,50.42561,50.89532
10.0,81.9,1.0,2.9,59.0622,50.65852,0.63072,4011382219.432231,0.0,0.0,3.238246313170611,0.0,0.0,58.80267,59.321749999999994,50.425090000000004,50.891960000000005
10.0,81.9,1.0,2.9,59.05955,50.6643,0.64707,4011382321.5330157,0.0,0.0,3.2535069094265845,0.0,0.0,58.79941,59.319700000000005,50.430319999999995,50.898289999999996
10.0,81.9,1.0,2.9,59.08367,50.63964,0.59529,4011382423.641272,0.0,0.0,3.2941863285152433,0.0,0.0,58.82192,59.345439999999996,50.40421,50.87508
10.0,81.9,1.0,2.9,59.08875,50.69094,0.62876,4011382525.586261,0.0,0.0,3.2693202390986142,0.0,0.0,58.82798,59.349529999999994,50.456399999999995,50.925489999999996
10.0,81.9,1.0,2.9,59.063,50.65209,0.62143,4011382627.526844,0.0,0.0,3.30466515716785,0.0,0.0,58.800830000000005,59.32518,50.416290000000004,50.8879
10.0,81.9,1.0,2.9,59.02883,50.61661,0.64033,4011382729.5110807,0.0,0.0,3.3026961642825428,0.0,0.0,58.76674,59.290929999999996,50.380880000000005,50.85235
10.0,81.9,1.0,2.9,59.06298,50.65758,0.63318,4011382831.480822,0.0,0.0,3.269012487685382,0.0,0.0,58.802220000000005,59.323750000000004,50.42305,50.892120000000006
10.0,81.9,1.0,2.9,59.06011,50.64575,0.63318,4011382933.6530166,0.0,0.0,3.233263551790893,0.0,0.0,58.80077,59.31946,50.4125,50.87901
10.0,81.9,1.0,2.9,59.04028,50.63693,0.62824,4011383035.585204,0.0,0.0,3.2426731063292156,0.0,0.0,58.780570000000004,59.300000000000004,50.40334,50.87053
10.0,81.9,1.0,2.9,59.0745,50.65588,0.60929,4011383304.323392,0.0,0.0,3.2924524729997824,0.0,0.0,58.81282,59.3362,50.42051,50.89126
10.0,81.9,1.0,2.9,59.04416,50.65365,0.63284,4011383406.236783,0.0,0.0,3.2747918521337187,0.0,0.0,58.78317,59.30516,50.41891,50.8884
10.0,81.9,1.0,2.9,59.06464,50.6603,0.62542,4011383508.0357294,0.0,0.0,3.2954821283551903,0.0,0.0,58.802839999999996,59.32646,50.42483,50.89579
10.0,81.9,1.0,2.9,59.05678,50.68004,0.63374,4011383609.993723,0.0,0.0,3.2966720146590998,0.0,0.0,58.79493,59.31864,50.44452,50.915569999999995
10.0,81.9,1.0,2.9,59.04809,50.67567,0.63469,4011383712.146078,0.0,0.0,3.276095316880573,0.0,0.0,58.78705,59.30914,50.440889999999996,50.91047
10.0,81.9,1.0,2.9,59.07157,50.64568,0.61316,4011383814.156054,0.0,0.0,3.297626988623349,0.0,0.0,58.80968,59.33347,50.410129999999995,50.88124
10.0,81.9,1.0,2.9,59.09775,50.70834,0.63594,4011383916.0719137,0.0,0.0,3.308425205022802,0.0,0.0,58.835429999999995,59.360079999999996,50.472409999999996,50.94429
10.0,81.9,1.0,2.9,59.0827,50.68232,0.63317,4011384018.0501075,0.0,0.0,3.2608487435413243,0.0,0.0,58.82227,59.34315,50.44808,50.91657
10.0,81.9,1.0,2.9,59.04412,50.63631,0.61972,4011384120.141675,0.0,0.0,3.293546822715767,0.0,0.0,58.78239,59.30586,50.40091,50.87173
10.0,81.9,1.0,2.9,59.12061,50.65504,0.60883,4011384222.0217204,0.0,0.0,3.261943153858132,0.0,0.0,58.86013,59.381099999999996,50.42076,50.88933
10.0,81.9,1.0,2.9,59.06889,50.62338,0.59939,4011384490.40156,0.0,0.0,3.285734320075634,0.0,0.0,58.80747,59.33032,50.38825,50.85852
10.0,81.9,1.0,2.9,59.02478,50.65138,0.65104,4011384592.467875,0.0,0.0,3.28238319260343,0.0,0.0,58.76349,59.28608,50.41637,50.8864
10.0,81.9,1.0,2.9,59.06722,50.66069,0.62912,4011384694.309884,0.0,0.0,3.2892694660806097,0.0,0.0,58.805659999999996,59.32879,50.42544,50.89595
10.0,81.9,1.0,2.9,59.05919,50.65,0.61448,4011384796.279804,0.0,0.0,3.301550436503323,0.0,0.0,58.79715,59.32125,50.41431,50.8857
10.0,81.9,1.0,2.9,59.09382,50.70159,0.63202,4011384898.4014516,0.0,0.0,3.308708921087195,0.0,0.0,58.83149,59.35616,50.465650000000004,50.93755
10.0,81.9,1.0,2.9,59.06246,50.66341,0.6309,4011385000.3241186,0.0,0.0,3.300573655764376,0.0,0.0,58.800450000000005,59.32448,50.427749999999996,50.89908
10.0,81.9,1.0,2.9,59.05052,50.65038,0.63167,4011385102.358113,0.0,0.0,3.2890831204342645,0.0,0.0,58.78897,59.31208,50.41513,50.885639999999995
10.0,81.9,1.0,2.9,59.04663,50.6676,0.63386,4011385204.328546,0.0,0.0,3.2894306478026296,0.0,0.0,58.78507,59.30821,50.43234,50.90287
10.0,81.9,1.0,2.9,59.06198,50.65979,0.63293,4011385306.366173,0.0,0.0,3.29528402381608,0.0,0.0,58.80018,59.323789999999995,50.42432,50.895270000000004
10.0,81.9,1.0,2.9,59.04892,50.67867,0.63545,4011385408.2408485,0.0,0.0,3.2590131322873725,0.0,0.0,58.788560000000004,59.309290000000004,50.444489999999995,50.912859999999995
10.0,81.9,1.0,2.9,59.10151,50.67805,0.60791,4011385677.0676575,0.0,0.0,3.29592597805146,0.0,0.0,58.83969,59.36335,50.44256,50.91355
10.0,81.9,1.0,2.9,59.05131,50.63198,0.61772,4011385778.739835,0.0,0.0,3.2990013331903603,0.0,0.0,58.78937,59.31327,50.39638,50.86759
10.0,81.9,1.0,2.9,59.07108,50.65003,0.61349,4011385880.930934,0.0,0.0,3.2877052943403466,0.0,0.0,58.809580000000004,59.33259,50.41483,50.88524
10.0,81.9,1.0,2.9,59.07574,50.67354,0.63475,4011385982.7393956,0.0,0.0,3.2826791100149695,0.0,0.0,58.814440000000005,59.337050000000005,50.438520000000004,50.908570000000005
10.0,81.9,1.0,2.9,59.05283,50.64751,0.61503,4011386085.078144,0.0,0.0,3.268297375411401,0.0,0.0,58.7921,59.31357,50.413,50.88203
10.0,81.9,1.0,2.9,59.04367,50.65353,0.63304,4011386186.9637094,0.0,0.0,3.31320646437314,0.0,0.0,58.781169999999996,59.30619,50.41743,50.88964
10.0,81.9,1.0,2.9,59.04002,50.64146,0.63813,4011386288.841815,0.0,0.0,3.2696688761445816,0.0,0.0,58.77924,59.30081,50.40691,50.87603
10.0,81.9,1.0,2.9,59.04193,50.64771,0.63483,4011386391.0263596,0.0,0.0,3.2707671505305305,0.0,0.0,58.7811,59.30277,50.41312,50.88231
10.0,81.9,1.0,2.9,59.04636,50.64653,0.6226,4011386492.793302,0.0,0.0,3.31989525031605,0.0,0.0,58.78359,59.30914,50.41019,50.88288
10.0,81.9,1.0,2.9,59.0308,50.65783,0.633,4011386594.891444,0.0,0.0,3.281836202777597,0.0,0.0,58.76954,59.29208,50.422839999999994,50.89283
10.0,81.9,1.0,2.9,59.05067,50.66376,0.6384,4011386863.1428094,0.0,0.0,3.2362990726936456,0.0,0.0,58.79121,59.31014,50.430400000000006,50.897130000000004
10.0,81.9,1.0,2.9,59.07113,50.65141,0.6172,4011386965.040906,0.0,0.0,3.2883065389932775,0.0,0.0,58.80961,59.33266,50.41619,50.88664
10.0,81.9,1.0,2.9,59.08274,50.66558,0.63463,4011387067.05189,0.0,0.0,3.249562166676543,0.0,0.0,58.82276,59.34274,50.43174,50.899429999999995
10.0,81.9,1.0,2.9,59.08353,50.65324,0.60545,4011387169.103039,0.0,0.0,3.274467757795967,0.0,0.0,58.82256,59.34452,50.41851,50.88798
10.0,81.9,1.0,2.9,59.06131,50.66377,0.63,4011387270.9946785,0.0,0.0,3.2882553686095424,0.0,0.0,58.79979,59.32284,50.42855,50.899
10.0,81.9,1.0,2.9,59.02762,50.63127,0.62902,4011387373.04478,0.0,0.0,3.2426482049094707,0.0,0.0,58.76791,59.28734,50.39768,50.86487
10.0,81.9,1.0,2.9,59.07596,50.66231,0.61908,4011387475.0483837,0.0,0.0,3.285911507232036,0.0,0.0,58.814530000000005,59.3374,50.42718,50.89745
10.0,81.9,1.0,2.9,59.10255,50.66303,0.59356,4011387576.92029,0.0,0.0,3.3386028172322892,0.0,0.0,58.83905,59.36607,50.42603,50.90004
10.0,81.9,1.0,2.9,59.0337,50.63801,0.63667,4011387679.217168,0.0,0.0,3.258410853627582,0.0,0.0,58.773360000000004,59.294050000000006,50.40386,50.872170000000004
10.0,81.9,1.0,2.9,59.04414,50.6676,0.63188,4011387781.1134872,0.0,0.0,3.2462695590700372,0.0,0.0,58.78429,59.30401,50.43388,50.90133
10.0,81.9,1.0,2.9,58.99833,50.64326,0.6656,4011388049.1164856,0.0,0.0,3.3203762418278826,0.0,0.0,58.73555,59.26113,50.4069,50.87963
10.0,81.9,1.0,2.9,59.02862,50.657,0.65454,4011388151.2077875,0.0,0.0,3.2530036386190813,0.0,0.0,58.768499999999996,59.28874999999999,50.42303999999999,50.890969999999996
10.0,81.9,1.0,2.9,59.07692,50.65485,0.62851,4011388253.0592766,0.0,0.0,3.300397132575087,0.0,0.0,58.81492,59.33893,50.419200000000004,50.890510000000006
10.0,81.9,1.0,2.9,59.05421,50.65631,0.61777,4011388354.99802,0.0,0.0,3.312529278581527,0.0,0.0,58.79173,59.3167,50.42023,50.892399999999995
10.0,81.9,1.0,2.9,59.05844,50.66431,0.61882,4011388457.0946856,0.0,0.0,3.2988060909179917,0.0,0.0,58.796499999999995,59.320389999999996,50.42872,50.89991
10.0,81.9,1.0,2.9,59.05455,50.68082,0.65114,4011388559.0924554,0.0,0.0,3.2407750007468388,0.0,0.0,58.79492,59.3142,50.4473,50.91435
10.0,81.9,1.0,2.9,59.08143,50.66986,0.62734,4011388661.0658092,0.0,0.0,3.2897929862039126,0.0,0.0,58.819849999999995,59.343019999999996,50.43459,50.90514
10.0,81.9,1.0,2.9,59.03962,50.65479,0.64671,4011388763.045985,0.0,0.0,3.2506538161946716,0.0,0.0,58.77959,59.299659999999996,50.42091,50.88868
10.0,81.9,1.0,2.9,59.04551,50.63156,0.6188,4011388865.102988,0.0,0.0,3.2915687348766065,0.0,0.0,58.78386,59.30717,50.39623,50.86691
10.0,81.9,1.0,2.9,59.09161,50.66962,0.60787,4011388966.935215,0.0,0.0,3.257548040741549,0.0,0.0,58.83131,59.35192,50.435500000000005,50.90375
10.0,81.9,1.0,2.9,59.03682,50.64004,0.63114,4011389235.570524,0.0,0.0,3.2926219068983613,0.0,0.0,58.77513,59.298519999999996,50.404669999999996,50.87542
10.0,81.9,1.0,2.9,59.05493,50.65137,0.6203,4011389337.4699903,0.0,0.0,3.257150437203917,0.0,0.0,58.79464,59.31523,50.41726,50.88549
10.0,81.9,1.0,2.9,59.07139,50.65581,0.61718,4011389439.6368103,0.0,0.0,3.295169865035822,0.0,0.0,58.8096,59.33319,50.42035,50.89128
10.0,81.9,1.0,2.9,59.10705,50.68671,0.61497,4011389541.4856877,0.0,0.0,3.261674185267168,0.0,0.0,58.84658,59.36753,50.452439999999996,50.920989999999996
10.0,81.9,1.0,2.9,59.07045,50.63796,0.6171,4011389643.508812,0.0,0.0,3.2997378175344534,0.0,0.0,58.80848,59.33244,50.40234,50.873599999999996
10.0,81.9,1.0,2.9,59.04117,50.64528,0.62625,4011389745.541748,0.0,0.0,3.3101529530351197,0.0,0.0,58.77879,59.30357,50.40929,50.88129
10.0,81.9,1.0,2.9,59.03998,50.6802,0.65481,4011389847.6621413,0.0,0.0,3.296987034908111,0.0,0.0,58.77812,59.30186,50.44467,50.91574
10.0,81.9,1.0,2.9,59.05414,50.65659,0.62591,4011389949.591912,0.0,0.0,3.255344513011097,0.0,0.0,58.793929999999996,59.31437,50.42255,50.890640000000005
10.0,81.9,1.0,2.9,59.07512,50.66506,0.62215,4011390051.6187344,0.0,0.0,3.259202775548386,0.0,0.0,58.81475,59.335499999999996,50.430879999999995,50.899249999999995
10.0,81.9,1.0,2.9,59.0497,50.66248,0.64477,4011390153.7000165,0.0,0.0,3.282433666545737,0.0,0.0,58.78841,59.311,50.42747,50.8975
10.0,81.9,1.0,2.9,59.09441,50.66213,0.60519,4011390421.691115,0.0,0.0,3.2809748262754823,0.0,0.0,58.833180000000006,59.355650000000004,50.42717,50.897099999999995
10.0,81.9,1.0,2.9,59.0732,50.67671,0.64842,4011390523.676976,0.0,0.0,3.2546992920570554,0.0,0.0,58.81301,59.3334,50.44269,50.91074
10.0,81.9,1.0,2.9,59.04923,50.66151,0.63663,4011390625.686631,0.0,0.0,3.2825774376088637,0.0,0.0,58.78794,59.31054,50.42649,50.89654
10.0,81.9,1.0,2.9,59.04134,50.63532,0.62869,4011390727.7605767,0.0,0.0,3.252411056184931,0.0,0.0,58.78124,59.301449999999996,50.40138,50.86927
10.0,81.9,1.0,2.9,59.05962,50.67948,0.64494,4011390829.629814,0.0,0.0,3.2760269438711376,0.0,0.0,58.798590000000004,59.32067,50.4447,50.914269999999995
10.0,81.9,1.0,2.9,59.05351,50.65312,0.61847,4011390931.6044483,0.0,0.0,3.2612411802498276,0.0,0.0,58.793060000000004,59.313970000000005,50.41887,50.88738
10.0,81.9,1.0,2.9,59.06643,50.66057,0.63426,4011391033.6103487,0.0,0.0,3.2599406903757164,0.0,0.0,58.80603,59.32684,50.42636,50.89479
10.0,81.9,1.0,2.9,59.0751,50.63348,0.60988,4011391135.7153273,0.0,0.0,3.2854541874804193,0.0,0.0,58.81369,59.33652,50.39836,50.86861
10.0,81.9,1.0,2.9,59.06466,50.65079,0.63292,4011391237.6916447,0.0,0.0,3.2915038718135414,0.0,0.0,58.80301,59.32632,50.41546,50.88613
10.0,81.9,1.0,2.9,59.0638,50.67567,0.63661,4011391339.5563445,0.0,0.0,3.295735979795605,0.0,0.0,58.80199,59.325630000000004,50.440189999999994,50.911159999999995
10.0,81.9,1.0,2.9,59.05271,50.63979,0.62488,4011391607.659007,0.0,0.0,3.280842571626129,0.0,0.0,58.79148,59.31395,50.40484,50.87475
10.0,81.9,1.0,2.9,59.0502,50.64356,0.62917,4011391709.5334926,0.0,0.0,3.246729747726848,0.0,0.0,58.79033,59.31008,50.40983,50.87731
10.0,81.9,1.0,2.9,59.05045,50.63608,0.61654,4011391811.6945295,0.0,0.0,3.2984820412407823,0.0,0.0,58.788529999999994,59.31239,50.4005,50.87167
10.0,81.9,1.0,2.9,59.05626,50.63973,0.61512,4011391913.527233,0.0,0.0,3.282682113096913,0.0,0.0,58.79496,59.31757,50.40471,50.87476
10.0,81.9,1.0,2.9,59.07462,50.63048,0.60415,4011392015.658791,0.0,0.0,3.2872099274056854,0.0,0.0,58.813140000000004,59.336110000000005,50.3953,50.86567
10.0,81.9,1.0,2.9,59.07863,50.6575,0.6223,4011392117.5843177,0.0,0.0,3.263311399591448,0.0,0.0,58.818099999999994,59.339169999999996,50.42317,50.89184
10.0,81.9,1.0,2.9,59.03577,50.64517,0.64165,4011392219.7341557,0.0,0.0,3.334250079035499,0.0,0.0,58.772439999999996,59.29911,50.40832,50.88203
10.0,81.9,1.0,2.9,59.06581,50.66827,0.63915,4011392321.68878,0.0,0.0,3.239315917525014,0.0,0.0,58.80623,59.3254,50.4348,50.90175
10.0,81.9,1.0,2.9,59.0733,50.67089,0.62052,4011392423.611308,0.0,0.0,3.239320572615724,0.0,0.0,58.81372,59.332890000000006,50.43742,50.90437
10.0,81.9,1.0,2.9,59.04858,50.67521,0.64867,4011392525.668847,0.0,0.0,3.3155714577357998,0.0,0.0,58.78598,59.31119,50.43902,50.91141
10.0,81.9,1.0,2.9,59.04918,50.64468,0.6317,4011392794.070792,0.0,0.0,3.2675069148767952,0.0,0.0,58.78848,59.30989,50.4102,50.87917
10.0,81.9,1.0,2.9,59.07569,50.65197,0.61359,4011392896.0284443,0.0,0.0,3.2774862712680375,0.0,0.0,58.8146,59.336800000000004,50.417139999999996,50.88681
10.0,81.9,1.0,2.9,59.08604,50.67868,0.61252,4011392998.068494,0.0,0.0,3.2595828433871423,0.0,0.0,58.82566,59.346439999999994,50.44448,50.91289
10.0,81.9,1.0,2.9,59.0324,50.62179,0.6374,4011393100.013832,0.0,0.0,3.2788767600491067,0.0,0.0,58.77125,59.29356,50.38691,50.85668
10.0,81.9,1.0,2.9,59.06508,50.6385,0.61513,4011393202.1132474,0.0,0.0,3.2697891554296303,0.0,0.0,58.80429,59.325880000000005,50.40394,50.87307
10.0,81.9,1.0,2.9,59.02243,50.65878,0.66146,4011393304.0831428,0.0,0.0,3.264463613208123,0.0,0.0,58.76185,59.28302,50.42441,50.89316
10.0,81.9,1.0,2.9,59.06736,50.67117,0.62992,4011393405.95267,0.0,0.0,3.259506198721645,0.0,0.0,58.80698,59.32775,50.43698,50.90537
10.0,81.9,1.0,2.9,59.09264,50.65885,0.61118,4011393507.9528008,0.0,0.0,3.2848143085553763,0.0,0.0,58.83126,59.354040000000005,50.42376,50.89396
10.0,81.9,1.0,2.9,59.08386,50.67853,0.62792,4011393610.0414762,0.0,0.0,3.302738524540222,0.0,0.0,58.82177,59.34596,50.442800000000005,50.91427
10.0,81.9,1.0,2.9,59.03172,50.65996,0.64298,4011393711.996614,0.0,0.0,3.259604961306493,0.0,0.0,58.77134,59.29212,50.42576,50.894169999999995
10.0,81.9,1.0,2.9,59.06337,50.6381,0.62381,4011393980.173194,0.0,0.0,3.2539905421925663,0.0,0.0,58.80321,59.32354,50.40411,50.87211
10.0,81.9,1.0,2.9,59.08823,50.62476,0.59368,4011394082.073365,0.0,0.0,3.288163222843817,0.0,0.0,58.826710000000006,59.34976,50.38955,50.85998
10.0,81.9,1.0,2.9,59.01599,50.64977,0.6579,4011394183.9324512,0.0,0.0,3.294663197592118,0.0,0.0,58.754220000000004,59.277770000000004,50.41433,50.88523
10.0,81.9,1.0,2.9,59.02973,50.66053,0.65537,4011394286.063088,0.0,0.0,3.27071579294376,0.0,0.0,58.76891,59.29057,50.425940000000004,50.89513
10.0,81.9,1.0,2.9,59.01263,50.61075,0.62676,4011394387.931428,0.0,0.0,3.284690776660832,0.0,0.0,58.75125,59.27402,50.37566,50.845850000000006
10.0,81.9,1.0,2.9,59.05956,50.67186,0.6324,4011394489.866268,0.0,0.0,3.2955584493939765,0.0,0.0,58.79775,59.32138,50.43638,50.90735
10.0,81.9,1.0,2.9,59.04724,50.64057,0.62786,4011394591.909913,0.0,0.0,3.308509473792481,0.0,0.0,58.78492,59.30957,50.40463,50.87652
10.0,81.9,1.0,2.9,59.05464,50.65594,0.63182,4011394694.1041465,0.0,0.0,3.333888197091576,0.0,0.0,58.79132,59.31797,50.41911,50.89279
10.0,81.9,1.0,2.9,59.05054,50.64993,0.62508,4011394796.0239677,0.0,0.0,3.271605328468433,0.0,0.0,58.78968,59.311409999999995,50.41531,50.88456
10.0,81.9,1.0,2.9,59.02184,50.62548,0.62639,4011394898.024729,0.0,0.0,3.288845888097044,0.0,0.0,58.7603,59.28339,50.390240000000006,50.860730000000004
10.0,81.9,1.0,2.9,59.04966,50.658,0.62865,4011395166.390874,0.0,0.0,3.275266619994105,0.0,0.0,58.78866,59.310680000000005,50.42325,50.89277
10.0,81.9,1.0,2.9,59.07614,50.67385,0.62508,4011395268.3379083,0.0,0.0,3.2600270670384783,0.0,0.0,58.815740000000005,59.33655,50.439640000000004,50.90807
10.0,81.9,1.0,2.9,59.04865,50.64467,0.62876,4011395370.5883884,0.0,0.0,3.2833385930756678,0.0,0.0,58.787330000000004,59.30999,50.40963,50.87972
10.0,81.9,1.0,2.9,59.07145,50.6678,0.63781,4011395472.416701,0.0,0.0,3.2471931271292553,0.0,0.0,58.81156,59.33135,50.43405,50.901559999999996
10.0,81.9,1.0,2.9,59.05461,50.63077,0.62364,4011395574.5344596,0.0,0.0,3.2750578801092227,0.0,0.0,58.793609999999994,59.315619999999996,50.39602,50.86553
10.0,81.9,1.0,2.9,59.06186,50.65833,0.62282,4011395676.4937153,0.0,0.0,3.2569464019326175,0.0,0.0,58.80158,59.32215,50.42423,50.89244
10.0,81.9,1.0,2.9,59.03863,50.6474,0.63472,4011395778.4708295,0.0,0.0,3.2937833063853037,0.0,0.0,58.776889999999995,59.30038,50.411989999999996,50.882819999999995
10.0,81.9,1.0,2.9,59.02536,50.64302,0.6347,4011395880.475096,0.0,0.0,3.2803362007363743,0.0,0.0,58.76416,59.28658,50.40809,50.87797
10.0,81.9,1.0,2.9,59.09391,50.66755,0.60754,4011395982.4688168,0.0,0.0,3.2866094281066984,0.0,0.0,58.83246,59.355380000000004,50.43239,50.902719999999995
10.0,81.9,1.0,2.9,59.04946,50.63337,0.62877,4011396084.666416,0.0,0.0,3.297041269171886,0.0,0.0,58.78759,59.31134,50.39784,50.86891
10.0,81.9,1.0,2.9,59.04695,50.6477,0.62597,4011396352.8807726,0.0,0.0,3.250824421598527,0.0,0.0,58.78692,59.307,50.41382,50.88159
10.0,81.9,1.0,2.9,59.10377,50.68371,0.61381,4011396454.8836765,0.0,0.0,3.251410213435382,0.0,0.0,58.843709999999994,59.363839999999996,50.44981,50.91762
10.0,81.9,1.0,2.9,59.09755,50.6597,0.60111,4011396556.8903704,0.0,0.0,3.2917636328162474,0.0,0.0,58.83589,59.35922,50.42436,50.89505
10.0,81.9,1.0,2.9,59.05236,50.68821,0.65188,4011396659.0465794,0.0,0.0,3.282001481675879,0.0,0.0,58.79109,59.31364,50.45321,50.92322
10.0,81.9,1.0,2.9,59.04668,50.61445,0.61637,4011396760.8083935,0.0,0.0,3.2417602852773926,0.0,0.0,58.78701,59.30637,50.38089,50.84802
10.0,81.9,1.0,2.9,59.04943,50.65227,0.62813,4011396862.836335,0.0,0.0,3.286230831443854,0.0,0.0,58.78799,59.310880000000004,50.417120000000004,50.88743
10.0,81.9,1.0,2.9,59.0444,50.62783,0.62429,4011396964.860812,0.0,0.0,3.2807259403566285,0.0,0.0,58.78318,59.30563,50.392880000000005,50.862790000000004
10.0,81.9,1.0,2.9,59.03351,50.64009,0.63117,4011397066.884203,0.0,0.0,3.274402539158127,0.0,0.0,58.77254,59.294489999999996,50.40537,50.87482
10.0,81.9,1.0,2.9,59.09761,50.64754,0.59635,4011397168.595319,0.0,0.0,3.27743449662139,0.0,0.0,58.83652,59.35871,50.41271,50.88238
10.0,81.9,1.0,2.9,59.07853,50.65642,0.61713,4011397270.8563776,0.0,0.0,3.324581632205095,0.0,0.0,58.81558,59.34149,50.419909999999994,50.892939999999996
10.0,81.9,1.0,2.9,59.00938,50.62963,0.6357,4011397539.1128044,0.0,0.0,3.2776255575741646,0.0,0.0,58.74828,59.27049,50.39479,50.86448
10.0,81.9,1.0,2.9,59.03564,50.64363,0.62511,4011397640.9380684,0.0,0.0,3.2759006507278614,0.0,0.0,58.77461,59.29668,50.40885,50.87842
10.0,81.9,1.0,2.9,59.06193,50.63273,0.62883,4011397742.965997,0.0,0.0,3.2275160905990785,0.0,0.0,58.80282,59.32105,50.399680000000004,50.865790000000004
10.0,81.9,1.0,2.9,59.04284,50.63375,0.62415,4011397845.0966196,0.0,0.0,3.2820798162688902,0.0,0.0,58.781569999999995,59.30413,50.39875,50.86876
10.0,81.9,1.0,2.9,59.08302,50.6607,0.6246,4011397947.1433134,0.0,0.0,3.23807753051636,0.0,0.0,58.82349,59.34256,50.42727,50.89414
10.0,81.9,1.0,2.9,59.05569,50.65094,0.63096,4011398049.049885,0.0,0.0,3.2953969639865304,0.0,0.0,58.79389,59.317499999999995,50.41547,50.88642
10.0,81.9,1.0,2.9,59.07876,50.68298,0.63695,4011398151.06378,0.0,0.0,3.2391424612948687,0.0,0.0,58.819190000000006,59.33834,50.44952,50.91645
10.0,81.9,1.0,2.9,59.07319,50.65429,0.61411,4011398252.9347067,0.0,0.0,3.27117968573175,0.0,0.0,58.812349999999995,59.33405,50.41968,50.88891
10.0,81.9,1.0,2.9,59.08006,50.67146,0.61903,4011398354.9782214,0.0,0.0,3.2945494767151424,0.0,0.0,58.818290000000005,59.341840000000005,50.436020000000006,50.90691
10.0,81.9,1.0,2.9,59.0549,50.62827,0.60973,4011398457.057294,0.0,0.0,3.247839866795908,0.0,0.0,58.79498,59.31483,50.3945,50.86206
10.0,81.9,1.0,2.9,59.01806,50.62074,0.6248,4011398725.3591456,0.0,0.0,3.2728258246770574,0.0,0.0,58.757149999999996,59.27898,50.38607,50.855419999999995
10.0,81.9,1.0,2.9,59.05524,50.65095,0.62318,4011398827.5001354,0.0,0.0,3.2773897915417107,0.0,0.0,58.794149999999995,59.31634,50.41612,50.88579
10.0,81.9,1.0,2.9,59.03774,50.63239,0.62131,4011398929.466607,0.0,0.0,3.259372305921322,0.0,0.0,58.77737,59.29813,50.3982,50.86659
10.0,81.9,1.0,2.9,59.03712,50.63938,0.63394,4011399031.493537,0.0,0.0,3.227265465518595,0.0,0.0,58.778020000000005,59.29623,50.40634,50.87243
10.0,81.9,1.0,2.9,59.0813,50.66198,0.62754,4011399133.5804014,0.0,0.0,3.245268938696089,0.0,0.0,58.82149,59.34113,50.4283,50.89567
10.0,81.9,1.0,2.9,59.07003,50.64047,0.60868,4011399235.345623,0.0,0.0,3.2923400038063226,0.0,0.0,58.808350000000004,59.331720000000004,50.40511,50.875840000000004
10.0,81.9,1.0,2.9,59.09174,50.71396,0.63146,4011399337.3697853,0.0,0.0,3.283221516881892,0.0,0.0,58.830420000000004,59.35307,50.47892,50.94901
10.0,81.9,1.0,2.9,59.04673,50.63494,0.61791,4011399439.518508,0.0,0.0,3.2934837392380794,0.0,0.0,58.78501,59.30847,50.39954,50.87035
10.0,81.9,1.0,2.9,59.06401,50.63028,0.60606,4011399541.580887,0.0,0.0,3.2928641239680005,0.0,0.0,58.802310000000006,59.325720000000004,50.3949,50.86567
10.0,81.9,1.0,2.9,59.10361,50.67186,0.60288,4011399643.395176,0.0,0.0,3.3031723160667017,0.0,0.0,58.8415,59.365730000000006,50.43611,50.90762
10.0,81.9,1.0,2.9,59.06545,50.64613,0.61472,4011399911.417692,0.0,0.0,3.2860422609628714,0.0,0.0,58.80402,59.32689,50.41099,50.88128
10.0,81.9,1.0,2.9,59.04303,50.6314,0.61034,4011400013.727057,0.0,0.0,3.2929053919483593,0.0,0.0,58.781330000000004,59.30474,50.39602,50.86679
10.0,81.9,1.0,2.9,59.02321,50.63387,0.64339,4011400115.4861255,0.0,0.0,3.2782791589953564,0.0,0.0,58.76209,59.284349999999996,50.399010000000004,50.86874
10.0,81.9,1.0,2.9,59.05978,50.63484,0.6211,4011400217.51972,0.0,0.0,3.29399364264871,0.0,0.0,58.798030000000004,59.321540000000006,50.39942,50.87027
10.0,81.9,1.0,2.9,59.0409,50.64567,0.62973,4011400319.413823,0.0,0.0,3.2592852243967605,0.0,0.0,58.78053,59.30128,50.41149,50.87986
10.0,81.9,1.0,2.9,59.05238,50.66405,0.63927,4011400421.4742947,0.0,0.0,3.28783197951975,0.0,0.0,58.79088,59.31389,50.428850000000004,50.899260000000005
10.0,81.9,1.0,2.9,59.07183,50.65889,0.61017,4011400523.3698597,0.0,0.0,3.2641112356676873,0.0,0.0,58.81127,59.332409999999996,50.42453,50.89326
10.0,81.9,1.0,2.9,59.03254,50.64221,0.64368,4011400625.643796,0.0,0.0,3.2834802040229736,0.0,0.0,58.771209999999996,59.293879999999994,50.40716,50.877269999999996
10.0,81.9,1.0,2.9,59.08977,50.67335,0.61982,4011400727.560785,0.0,0.0,3.26818281396727,0.0,0.0,58.82905,59.35051,50.43885,50.90786
10.0,81.9,1.0,2.9,59.0841,50.65043,0.61688,4011400829.3582025,0.0,0.0,3.2947798543479525,0.0,0.0,58.82232,59.34589,50.41498,50.88589
10.0,81.9,1.0,2.9,59.09138,50.68192,0.62717,4011401097.9262447,0.0,0.0,3.2526344611200715,0.0,0.0,58.83127,59.3515,50.44797,50.91588
10.0,81.9,1.0,2.9,59.06991,50.65268,0.61028,4011401199.9509106,0.0,0.0,3.310470621846466,0.0,0.0,58.80751,59.33232,50.416669999999996,50.8887
10.0,81.9,1.0,2.9,59.0517,50.65306,0.62893,4011401301.897723,0.0,0.0,3.3269900010106146,0.0,0.0,58.78865,59.31476,50.416470000000004,50.889660000000006
10.0,81.9,1.0,2.9,59.03254,50.65661,0.64287,4011401404.0630064,0.0,0.0,3.266812015799869,0.0,0.0,58.77187,59.29322,50.42216,50.89107
10.0,81.9,1.0,2.9,59.08635,50.68486,0.62277,4011401505.978162,0.0,0.0,3.2590828347614864,0.0,0.0,58.825990000000004,59.34673,50.45068,50.91905
10.0,81.9,1.0,2.9,59.08696,50.69615,0.61566,4011401608.0563607,0.0,0.0,3.2901143265807873,0.0,0.0,58.82537,59.348569999999995,50.46087,50.931450000000005
10.0,81.9,1.0,2.9,59.07247,50.66022,0.62637,4011401709.899783,0.0,0.0,3.299549093408335,0.0,0.0,58.810500000000005,59.334450000000004,50.424600000000005,50.89585
10.0,81.9,1.0,2.9,59.06175,50.66305,0.6231,4011401811.9178634,0.0,0.0,3.297787746831422,0.0,0.0,58.799850000000006,59.323660000000004,50.42749,50.89862
10.0,81.9,1.0,2.9,59.04906,50.64237,0.62446,4011401913.8080626,0.0,0.0,3.2810325257553665,0.0,0.0,58.78783,59.310309999999994,50.40741,50.87734
10.0,81.9,1.0,2.9,59.03305,50.65345,0.6334,4011402016.029002,0.0,0.0,3.2836587843215717,0.0,0.0,58.771710000000006,59.2944,50.4184,50.88851
10.0,81.9,1.0,2.9,59.04158,50.64237,0.62492,4011402283.988839,0.0,0.0,3.2702647143526415,0.0,0.0,58.780770000000004,59.302400000000006,50.40779,50.87696
10.0,81.9,1.0,2.9,59.06622,50.62602,0.59212,4011402385.9417534,0.0,0.0,3.2822517153627877,0.0,0.0,58.80494,59.327510000000004,50.39102,50.86103
10.0,81.9,1.0,2.9,59.0251,50.6121,0.6228,4011402488.0541744,0.0,0.0,3.285442602076088,0.0,0.0,58.763690000000004,59.28652,50.376979999999996,50.847229999999996
10.0,81.9,1.0,2.9,59.06788,50.6278,0.616,4011402589.863962,0.0,0.0,3.2762944633906206,0.0,0.0,58.806830000000005,59.32894,50.393010000000004,50.8626
10.0,81.9,1.0,2.9,59.02745,50.63138,0.64035,4011402692.0078835,0.0,0.0,3.2583421348473913,0.0,0.0,58.76712,59.28779,50.39723,50.86554
10.0,81.9,1.0,2.9,59.06025,50.65953,0.62567,4011402794.132887,0.0,0.0,3.2896485308020984,0.0,0.0,58.798680000000004,59.32184,50.42426,50.89481
10.0,81.9,1.0,2.9,59.03794,50.65253,0.63385,4011402896.093403,0.0,0.0,3.2787649578307594,0.0,0.0,58.7768,59.299099999999996,50.41765,50.88742
10.0,81.9,1.0,2.9,59.05675,50.64971,0.62836,4011402998.023578,0.0,0.0,3.2905966448494572,0.0,0.0,58.79514,59.31837,50.41441,50.88502
10.0,81.9,1.0,2.9,59.03622,50.6517,0.63277,4011403099.9646254,0.0,0.0,3.272491980608148,0.0,0.0,58.77533,59.29713,50.41704,50.88637
10.0,81.9,1.0,2.9,59.03704,50.61288,0.62367,4011403201.938429,0.0,0.0,3.268570898948412,0.0,0.0,58.7763,59.29779,50.37837,50.847409999999996
10.0,81.9,1.0,2.9,59.06048,50.66463,0.63394,4011403470.359064,0.0,0.0,3.297378564923099,0.0,0.0,58.7986,59.32237,50.42909,50.900180000000006
10.0,81.9,1.0,2.9,59.05162,50.63188,0.62233,4011403572.4371495,0.0,0.0,3.2968839601476487,0.0,0.0,58.78976,59.31349,50.39636,50.86741
10.0,81.9,1.0,2.9,59.05266,50.64631,0.63064,4011403674.482225,0.0,0.0,3.3093505614639005,0.0,0.0,58.790310000000005,59.315020000000004,50.41034,50.88229
10.0,81.9,1.0,2.9,59.05125,50.65327,0.62603,4011403776.5895376,0.0,0.0,3.2605995500362206,0.0,0.0,58.79083,59.311690000000006,50.41904,50.88751
10.0,81.9,1.0,2.9,59.08105,50.68433,0.63315,4011403878.3494005,0.0,0.0,3.291226029657572,0.0,0.0,58.81941,59.3427,50.44901,50.91966
10.0,81.9,1.0,2.9,59.11635,50.66173,0.60392,4011403980.470521,0.0,0.0,3.2557425479185396,0.0,0.0,58.85612,59.37659,50.42767,50.8958
10.0,81.9,1.0,2.9,59.04073,50.68286,0.64748,4011404082.41943,0.0,0.0,3.2385026176498,0.0,0.0,58.78119,59.300290000000004,50.449419999999996,50.916309999999996
10.0,81.9,1.0,2.9,59.02861,50.69712,0.67015,4011404184.288164,0.0,0.0,3.3199093397736767,0.0,0.0,58.76584,59.29139,50.46078,50.93347
10.0,81.9,1.0,2.9,59.04013,50.65186,0.63092,4011404286.476438,0.0,0.0,3.255289853924038,0.0,0.0,58.77992,59.300349999999995,50.41782,50.88591
10.0,81.9,1.0,2.9,59.0853,50.63134,0.58967,4011404388.35501,0.0,0.0,3.2235895937048102,0.0,0.0,58.82635,59.34426,50.39844,50.86426
10.0,81.9,1.0,2.9,59.04981,50.68036,0.63728,4011404657.034051,0.0,0.0,3.239472604961876,0.0,0.0,58.79023,59.309400000000004,50.44688,50.913850000000004
10.0,81.9,1.0,2.9,59.11198,50.67297,0.60882,4011404758.932083,0.0,0.0,3.30091345982868,0.0,0.0,58.84996,59.374010000000006,50.4373,50.90865
10.0,81.9,1.0,2.9,59.08009,50.6537,0.60891,4011404861.0165806,0.0,0.0,3.2864252203743933,0.0,0.0,58.818639999999995,59.34155,50.41855,50.88886
10.0,81.9,1.0,2.9,59.12714,50.66008,0.6028,4011404962.986682,0.0,0.0,3.299588746538399,0.0,0.0,58.86517,59.38912,50.42446,50.89571
10.0,81.9,1.0,2.9,59.06103,50.65096,0.63476,4011405065.069518,0.0,0.0,3.3013066935043938,0.0,0.0,58.799,59.323080000000004,50.415279999999996,50.886649999999996
10.0,81.9,1.0,2.9,59.01618,50.6314,0.64906,4011405166.910138,0.0,0.0,3.247174725858374,0.0,0.0,58.75629,59.27608,50.39765,50.865159999999996
10.0,81.9,1.0,2.9,59.07549,50.69226,0.63735,4011405269.004196,0.0,0.0,3.3329843517894364,0.0,0.0,58.81221,59.33878,50.455459999999995,50.929069999999996
10.0,81.9,1.0,2.9,59.05171,50.63766,0.61814,4011405370.8733106,0.0,0.0,3.284535863475032,0.0,0.0,58.79034,59.31309,50.40257999999999,50.87276
10.0,81.9,1.0,2.9,59.0366,50.63566,0.63914,4011405472.9887266,0.0,0.0,3.2784876193906625,0.0,0.0,58.77547,59.29774,50.40079,50.87054
10.0,81.9,1.0,2.9,59.0694,50.65504,0.61786,4011405574.938594,0.0,0.0,3.27856573130387,0.0,0.0,58.808260000000004,59.33055,50.42017,50.88992
